   4.9344786e+00
   4.9249775e+00
   4.9208301e+00
   4.9175721e+00
   4.9147648e+00
   4.9123686e+00
   4.9101066e+00
   4.9080210e+00
   4.9060659e+00
   4.9042051e+00
   4.9024225e+00
   4.9006956e+00
   4.8990335e+00
   4.8974283e+00
   4.8958955e+00
   4.8944160e+00
   4.8929523e+00
   4.8915306e+00
   4.8901519e+00
   4.8888150e+00
   4.8874971e+00
   4.8862054e+00
   4.8849437e+00
   4.8837108e+00
   4.8824955e+00
   4.8812956e+00
   4.8801168e+00
   4.8789591e+00
   4.8778189e+00
   4.8766786e+00
   4.8755527e+00
   4.8744417e+00
   4.8733460e+00
   4.8722657e+00
   4.8712006e+00
   4.8701504e+00
   4.8691147e+00
   4.8680921e+00
   4.8670835e+00
   4.8660833e+00
   4.8650793e+00
   4.8640854e+00
   4.8631015e+00
   4.8621253e+00
   4.8611582e+00
   4.8602004e+00
   4.8592521e+00
   4.8583131e+00
   4.8573833e+00
   4.8564627e+00
   4.8555460e+00
   4.8546282e+00
   4.8537170e+00
   4.8528124e+00
   4.8519143e+00
   4.8510227e+00
   4.8501374e+00
   4.8492586e+00
   4.8483860e+00
   4.8475173e+00
   4.8466544e+00
   4.8457937e+00
   4.8449340e+00
   4.8440789e+00
   4.8432283e+00
   4.8423822e+00
   4.8415405e+00
   4.8407032e+00
   4.8398703e+00
   4.8390417e+00
   4.8382174e+00
   4.8373975e+00
   4.8365775e+00
   4.8357584e+00
   4.8349426e+00
   4.8341288e+00
   4.8333183e+00
   4.8325111e+00
   4.8317071e+00
   4.8309064e+00
   4.8301088e+00
   4.8293145e+00
   4.8285233e+00
   4.8277352e+00
   4.8269503e+00
   4.8261685e+00
   4.8253898e+00
   4.8246142e+00
   4.8238416e+00
   4.8230721e+00
   4.8223053e+00
   4.8215399e+00
   4.8207724e+00
   4.8200073e+00
   4.8192445e+00
   4.8184840e+00
   4.8177258e+00
   4.8169698e+00
   4.8162161e+00
   4.8154647e+00
   4.8147155e+00
   4.8139685e+00
   4.8132237e+00
   4.8124811e+00
   4.8117407e+00
   4.8110025e+00
   4.8102661e+00
   4.8095313e+00
   4.8087986e+00
   4.8080679e+00
   4.8073393e+00
   4.8066101e+00
   4.8058818e+00
   4.8051553e+00
   4.8044304e+00
   4.8037072e+00
   4.8029857e+00
   4.8022659e+00
   4.8015477e+00
   4.8008312e+00
   4.8001164e+00
   4.7994032e+00
   4.7986917e+00
   4.7979817e+00
   4.7972735e+00
   4.7965668e+00
   4.7958618e+00
   4.7951583e+00
   4.7944565e+00
   4.7937563e+00
   4.7930570e+00
   4.7923580e+00
   4.7916605e+00
   4.7909643e+00
   4.7902696e+00
   4.7895762e+00
   4.7888842e+00
   4.7881931e+00
   4.7875031e+00
   4.7868144e+00
   4.7861271e+00
   4.7854410e+00
   4.7847563e+00
   4.7840729e+00
   4.7833909e+00
   4.7827101e+00
   4.7820306e+00
   4.7813524e+00
   4.7806755e+00
   4.7800000e+00
   4.7793258e+00
   4.7786527e+00
   4.7779808e+00
   4.7773101e+00
   4.7766404e+00
   4.7759719e+00
   4.7753045e+00
   4.7746382e+00
   4.7739731e+00
   4.7733090e+00
   4.7726461e+00
   4.7719843e+00
   4.7713236e+00
   4.7706641e+00
   4.7700056e+00
   4.7693482e+00
   4.7686919e+00
   4.7680367e+00
   4.7673822e+00
   4.7667288e+00
   4.7660764e+00
   4.7654251e+00
   4.7647749e+00
   4.7641258e+00
   4.7634777e+00
   4.7628307e+00
   4.7621847e+00
   4.7615398e+00
   4.7608960e+00
   4.7602532e+00
   4.7596115e+00
   4.7589708e+00
   4.7583312e+00
   4.7576927e+00
   4.7570552e+00
   4.7564188e+00
   4.7557837e+00
   4.7551499e+00
   4.7545172e+00
   4.7538855e+00
   4.7532548e+00
   4.7526252e+00
   4.7519967e+00
   4.7513691e+00
   4.7507427e+00
   4.7501173e+00
   4.7494929e+00
   4.7488696e+00
   4.7482472e+00
   4.7476257e+00
   4.7470053e+00
   4.7463859e+00
   4.7457675e+00
   4.7451502e+00
   4.7445339e+00
   4.7439186e+00
   4.7433043e+00
   4.7426911e+00
   4.7420789e+00
   4.7414677e+00
   4.7408575e+00
   4.7402484e+00
   4.7396403e+00
   4.7390333e+00
   4.7384272e+00
   4.7378222e+00
   4.7372182e+00
   4.7366153e+00
   4.7360133e+00
   4.7354124e+00
   4.7348125e+00
   4.7342136e+00
   4.7336158e+00
   4.7330192e+00
   4.7324236e+00
   4.7318290e+00
   4.7312354e+00
   4.7306428e+00
   4.7300513e+00
   4.7294607e+00
   4.7288710e+00
   4.7282824e+00
   4.7276948e+00
   4.7271082e+00
   4.7265227e+00
   4.7259381e+00
   4.7253546e+00
   4.7247721e+00
   4.7241906e+00
   4.7236101e+00
   4.7230306e+00
   4.7224522e+00
   4.7218747e+00
   4.7212983e+00
   4.7207229e+00
   4.7201485e+00
   4.7195751e+00
   4.7190028e+00
   4.7184314e+00
   4.7178611e+00
   4.7172917e+00
   4.7167234e+00
   4.7161561e+00
   4.7155898e+00
   4.7150246e+00
   4.7144603e+00
   4.7138970e+00
   4.7133348e+00
   4.7127735e+00
   4.7122134e+00
   4.7116542e+00
   4.7110961e+00
   4.7105389e+00
   4.7099828e+00
   4.7094276e+00
   4.7088735e+00
   4.7083204e+00
   4.7077683e+00
   4.7072172e+00
   4.7066671e+00
   4.7061180e+00
   4.7055699e+00
   4.7050227e+00
   4.7044766e+00
   4.7039314e+00
   4.7033873e+00
   4.7028441e+00
   4.7023019e+00
   4.7017607e+00
   4.7012205e+00
   4.7006813e+00
   4.7001430e+00
   4.6996058e+00
   4.6990695e+00
   4.6985343e+00
   4.6980000e+00
   4.6974667e+00
   4.6969344e+00
   4.6964031e+00
   4.6958728e+00
   4.6953434e+00
   4.6948150e+00
   4.6942876e+00
   4.6937612e+00
   4.6932358e+00
   4.6927113e+00
   4.6921878e+00
   4.6916653e+00
   4.6911437e+00
   4.6906231e+00
   4.6901035e+00
   4.6895848e+00
   4.6890671e+00
   4.6885504e+00
   4.6880346e+00
   4.6875198e+00
   4.6870059e+00
   4.6864930e+00
   4.6859811e+00
   4.6854701e+00
   4.6849600e+00
   4.6844509e+00
   4.6839428e+00
   4.6834355e+00
   4.6829293e+00
   4.6824239e+00
   4.6819195e+00
   4.6814161e+00
   4.6809135e+00
   4.6804119e+00
   4.6799112e+00
   4.6794114e+00
   4.6789125e+00
   4.6784146e+00
   4.6779176e+00
   4.6774215e+00
   4.6769263e+00
   4.6764320e+00
   4.6759386e+00
   4.6754462e+00
   4.6749546e+00
   4.6744640e+00
   4.6739742e+00
   4.6734853e+00
   4.6729973e+00
   4.6725102e+00
   4.6720240e+00
   4.6715387e+00
   4.6710543e+00
   4.6705707e+00
   4.6700880e+00
   4.6696062e+00
   4.6691253e+00
   4.6686452e+00
   4.6681660e+00
   4.6676876e+00
   4.6672101e+00
   4.6667335e+00
   4.6662577e+00
   4.6657827e+00
   4.6653086e+00
   4.6648353e+00
   4.6643628e+00
   4.6638912e+00
   4.6634204e+00
   4.6629505e+00
   4.6624813e+00
   4.6620130e+00
   4.6615455e+00
   4.6610788e+00
   4.6606128e+00
   4.6601477e+00
   4.6596834e+00
   4.6592199e+00
   4.6587572e+00
   4.6582952e+00
   4.6578340e+00
   4.6573736e+00
   4.6569140e+00
   4.6564551e+00
   4.6559970e+00
   4.6555397e+00
   4.6550831e+00
   4.6546273e+00
   4.6541722e+00
   4.6537178e+00
   4.6532642e+00
   4.6528113e+00
   4.6523592e+00
   4.6519077e+00
   4.6514570e+00
   4.6510070e+00
   4.6505577e+00
   4.6501092e+00
   4.6496613e+00
   4.6492141e+00
   4.6487676e+00
   4.6483218e+00
   4.6478766e+00
   4.6474322e+00
   4.6469884e+00
   4.6465452e+00
   4.6461028e+00
   4.6456609e+00
   4.6452198e+00
   4.6447792e+00
   4.6443394e+00
   4.6439001e+00
   4.6434615e+00
   4.6430235e+00
   4.6425861e+00
   4.6421493e+00
   4.6417131e+00
   4.6412776e+00
   4.6408426e+00
   4.6404082e+00
   4.6399744e+00
   4.6395412e+00
   4.6391085e+00
   4.6386764e+00
   4.6382449e+00
   4.6378139e+00
   4.6373835e+00
   4.6369536e+00
   4.6365243e+00
   4.6360955e+00
   4.6356672e+00
   4.6352394e+00
   4.6348122e+00
   4.6343854e+00
   4.6339592e+00
   4.6335335e+00
   4.6331082e+00
   4.6326834e+00
   4.6322591e+00
   4.6318353e+00
   4.6314119e+00
   4.6309890e+00
   4.6305666e+00
   4.6301446e+00
   4.6297230e+00
   4.6293019e+00
   4.6288811e+00
   4.6284609e+00
   4.6280410e+00
   4.6276215e+00
   4.6272024e+00
   4.6267838e+00
   4.6263655e+00
   4.6259476e+00
   4.6255300e+00
   4.6251129e+00
   4.6246961e+00
   4.6242796e+00
   4.6238635e+00
   4.6234477e+00
   4.6230323e+00
   4.6226172e+00
   4.6222024e+00
   4.6217880e+00
   4.6213738e+00
   4.6209600e+00
   4.6205464e+00
   4.6201331e+00
   4.6197201e+00
   4.6193074e+00
   4.6188949e+00
   4.6184827e+00
   4.6180708e+00
   4.6176591e+00
   4.6172477e+00
   4.6168364e+00
   4.6164254e+00
   4.6160146e+00
   4.6156041e+00
   4.6151937e+00
   4.6147835e+00
   4.6143735e+00
   4.6139638e+00
   4.6135541e+00
   4.6131447e+00
   4.6127354e+00
   4.6123263e+00
   4.6119173e+00
   4.6115084e+00
   4.6110997e+00
   4.6106911e+00
   4.6102827e+00
   4.6098743e+00
   4.6094661e+00
   4.6090580e+00
   4.6086499e+00
   4.6082420e+00
   4.6078341e+00
   4.6074263e+00
   4.6070185e+00
   4.6066108e+00
   4.6062032e+00
   4.6057956e+00
   4.6053880e+00
   4.6049805e+00
   4.6045730e+00
   4.6041655e+00
   4.6037581e+00
   4.6033506e+00
   4.6029431e+00
   4.6025356e+00
   4.6021281e+00
   4.6017206e+00
   4.6013130e+00
   4.6009054e+00
   4.6004978e+00
   4.6000901e+00
   4.5996823e+00
   4.5992745e+00
   4.5988666e+00
   4.5984586e+00
   4.5980506e+00
   4.5976424e+00
   4.5972342e+00
   4.5968258e+00
   4.5964174e+00
   4.5960088e+00
   4.5956001e+00
   4.5951912e+00
   4.5947823e+00
   4.5943732e+00
   4.5939639e+00
   4.5935545e+00
   4.5931449e+00
   4.5927351e+00
   4.5923252e+00
   4.5919151e+00
   4.5915048e+00
   4.5910943e+00
   4.5906836e+00
   4.5902728e+00
   4.5898617e+00
   4.5894503e+00
   4.5890388e+00
   4.5886270e+00
   4.5882150e+00
   4.5878028e+00
   4.5873903e+00
   4.5869776e+00
   4.5865646e+00
   4.5861513e+00
   4.5857378e+00
   4.5853240e+00
   4.5849099e+00
   4.5844956e+00
   4.5840809e+00
   4.5836660e+00
   4.5832508e+00
   4.5828352e+00
   4.5824194e+00
   4.5820032e+00
   4.5815867e+00
   4.5811699e+00
   4.5807528e+00
   4.5803354e+00
   4.5799176e+00
   4.5794994e+00
   4.5790810e+00
   4.5786621e+00
   4.5782430e+00
   4.5778234e+00
   4.5774035e+00
   4.5769833e+00
   4.5765626e+00
   4.5761416e+00
   4.5757203e+00
   4.5752985e+00
   4.5748764e+00
   4.5744538e+00
   4.5740309e+00
   4.5736076e+00
   4.5731839e+00
   4.5727598e+00
   4.5723353e+00
   4.5719104e+00
   4.5714851e+00
   4.5710593e+00
   4.5706332e+00
   4.5702067e+00
   4.5697797e+00
   4.5693523e+00
   4.5689245e+00
   4.5684963e+00
   4.5680676e+00
   4.5676385e+00
   4.5672090e+00
   4.5667791e+00
   4.5663487e+00
   4.5659179e+00
   4.5654867e+00
   4.5650550e+00
   4.5646229e+00
   4.5641904e+00
   4.5637574e+00
   4.5633240e+00
   4.5628902e+00
   4.5624559e+00
   4.5620212e+00
   4.5615861e+00
   4.5611505e+00
   4.5607145e+00
   4.5602780e+00
   4.5598412e+00
   4.5594038e+00
   4.5589661e+00
   4.5585279e+00
   4.5580894e+00
   4.5576503e+00
   4.5572109e+00
   4.5567710e+00
   4.5563307e+00
   4.5558900e+00
   4.5554489e+00
   4.5550074e+00
   4.5545655e+00
   4.5541231e+00
   4.5536804e+00
   4.5532373e+00
   4.5527937e+00
   4.5523498e+00
   4.5519055e+00
   4.5514608e+00
   4.5510157e+00
   4.5505703e+00
   4.5501245e+00
   4.5496783e+00
   4.5492317e+00
   4.5487849e+00
   4.5483376e+00
   4.5478900e+00
   4.5474421e+00
   4.5469939e+00
   4.5465453e+00
   4.5460965e+00
   4.5456473e+00
   4.5451978e+00
   4.5447480e+00
   4.5442980e+00
   4.5438476e+00
   4.5433970e+00
   4.5429462e+00
   4.5424951e+00
   4.5420437e+00
   4.5415921e+00
   4.5411403e+00
   4.5406883e+00
   4.5402361e+00
   4.5397836e+00
   4.5393310e+00
   4.5388783e+00
   4.5384253e+00
   4.5379722e+00
   4.5375190e+00
   4.5370657e+00
   4.5366122e+00
   4.5361587e+00
   4.5357050e+00
   4.5352513e+00
   4.5347975e+00
   4.5343437e+00
   4.5338898e+00
   4.5334359e+00
   4.5329820e+00
   4.5325281e+00
   4.5320742e+00
   4.5316203e+00
   4.5311665e+00
   4.5307128e+00
   4.5302591e+00
   4.5298056e+00
   4.5293521e+00
   4.5288988e+00
   4.5284456e+00
   4.5279926e+00
   4.5275397e+00
   4.5270870e+00
   4.5266345e+00
   4.5261822e+00
   4.5257302e+00
   4.5252784e+00
   4.5248269e+00
   4.5243756e+00
   4.5239246e+00
   4.5234740e+00
   4.5230236e+00
   4.5225736e+00
   4.5221239e+00
   4.5216746e+00
   4.5212256e+00
   4.5207771e+00
   4.5203289e+00
   4.5198810e+00
   4.5194336e+00
   4.5189866e+00
   4.5185400e+00
   4.5180938e+00
   4.5176480e+00
   4.5172027e+00
   4.5167577e+00
   4.5163131e+00
   4.5158689e+00
   4.5154251e+00
   4.5149817e+00
   4.5145386e+00
   4.5140958e+00
   4.5136533e+00
   4.5132110e+00
   4.5127690e+00
   4.5123272e+00
   4.5118855e+00
   4.5114438e+00
   4.5110022e+00
   4.5105605e+00
   4.5101187e+00
   4.5096766e+00
   4.5092342e+00
   4.5087914e+00
   4.5083480e+00
   4.5079039e+00
   4.5074589e+00
   4.5070129e+00
   4.5065657e+00
   4.5061171e+00
   4.5056669e+00
   4.5052148e+00
   4.5047605e+00
   4.5043038e+00
   4.5038444e+00
   4.5033818e+00
   4.5029158e+00
   4.5024458e+00
   4.5019715e+00
   4.5014922e+00
   4.5010076e+00
   4.5005170e+00
   4.5000197e+00
   4.4995150e+00
   4.4990022e+00
   4.4984804e+00
   4.4979488e+00
   4.4974063e+00
   4.4968518e+00
   4.4962842e+00
   4.4957022e+00
   4.4951044e+00
   4.4944893e+00
   4.4938553e+00
   4.4932006e+00
   4.4925232e+00
   4.4918211e+00
   4.4910919e+00
   4.4903331e+00
   4.4895421e+00
   4.4887158e+00
   4.4878511e+00
   4.4869444e+00
   4.4859919e+00
   4.4849895e+00
   4.4839326e+00
   4.4828163e+00
   4.4816351e+00
   4.4803832e+00
   4.4790541e+00
   4.4776407e+00
   4.4761353e+00
   4.4745295e+00
   4.4728139e+00
   4.4709784e+00
   4.4690117e+00
   4.4669016e+00
   4.4646345e+00
   4.4621953e+00
   4.4595677e+00
   4.4567331e+00
   4.4536715e+00
   4.4503603e+00
   4.4467744e+00
   4.4428861e+00
   4.4386641e+00
   4.4340737e+00
   4.4290758e+00
   4.4236265e+00
   4.4176763e+00
   4.4111693e+00
   4.4040422e+00
   4.3962229e+00
   4.3876292e+00
   4.3781673e+00
   4.3677292e+00
   4.3561907e+00
   4.3434080e+00
   4.3292143e+00
   4.3134148e+00
   4.2957817e+00
   4.2760468e+00
   4.2538931e+00
   4.2289437e+00
   4.2007488e+00
   4.1687678e+00
   4.1323476e+00
   4.0906942e+00
   4.0428362e+00
   3.9875768e+00
   3.9234314e+00
