   3.8922100e+00
   3.8830683e+00
   3.8790774e+00
   3.8759347e+00
   3.8732281e+00
   3.8709170e+00
   3.8687336e+00
   3.8667199e+00
   3.8648279e+00
   3.8630288e+00
   3.8613064e+00
   3.8596333e+00
   3.8580237e+00
   3.8564700e+00
   3.8549845e+00
   3.8535509e+00
   3.8521325e+00
   3.8507546e+00
   3.8494180e+00
   3.8481217e+00
   3.8468431e+00
   3.8455894e+00
   3.8443643e+00
   3.8431668e+00
   3.8419866e+00
   3.8408206e+00
   3.8396749e+00
   3.8385493e+00
   3.8374402e+00
   3.8363302e+00
   3.8352341e+00
   3.8341522e+00
   3.8330851e+00
   3.8320326e+00
   3.8309945e+00
   3.8299708e+00
   3.8289609e+00
   3.8279638e+00
   3.8269801e+00
   3.8260043e+00
   3.8250242e+00
   3.8240536e+00
   3.8230925e+00
   3.8221391e+00
   3.8211943e+00
   3.8202585e+00
   3.8193316e+00
   3.8184137e+00
   3.8175045e+00
   3.8166041e+00
   3.8157072e+00
   3.8148088e+00
   3.8139166e+00
   3.8130306e+00
   3.8121507e+00
   3.8112768e+00
   3.8104090e+00
   3.8095472e+00
   3.8086914e+00
   3.8078394e+00
   3.8069928e+00
   3.8061482e+00
   3.8053043e+00
   3.8044647e+00
   3.8036292e+00
   3.8027979e+00
   3.8019707e+00
   3.8011476e+00
   3.8003286e+00
   3.7995137e+00
   3.7987028e+00
   3.7978959e+00
   3.7970887e+00
   3.7962820e+00
   3.7954784e+00
   3.7946768e+00
   3.7938782e+00
   3.7930826e+00
   3.7922900e+00
   3.7915004e+00
   3.7907137e+00
   3.7899300e+00
   3.7891492e+00
   3.7883713e+00
   3.7875963e+00
   3.7868242e+00
   3.7860549e+00
   3.7852885e+00
   3.7845249e+00
   3.7837641e+00
   3.7830059e+00
   3.7822489e+00
   3.7814896e+00
   3.7807324e+00
   3.7799773e+00
   3.7792243e+00
   3.7784734e+00
   3.7777245e+00
   3.7769777e+00
   3.7762329e+00
   3.7754902e+00
   3.7747494e+00
   3.7740107e+00
   3.7732740e+00
   3.7725392e+00
   3.7718064e+00
   3.7710753e+00
   3.7703456e+00
   3.7696178e+00
   3.7688919e+00
   3.7681678e+00
   3.7674430e+00
   3.7667188e+00
   3.7659961e+00
   3.7652750e+00
   3.7645553e+00
   3.7638372e+00
   3.7631205e+00
   3.7624053e+00
   3.7616916e+00
   3.7609793e+00
   3.7602685e+00
   3.7595591e+00
   3.7588512e+00
   3.7581448e+00
   3.7574397e+00
   3.7567361e+00
   3.7560339e+00
   3.7553331e+00
   3.7546338e+00
   3.7539352e+00
   3.7532367e+00
   3.7525394e+00
   3.7518434e+00
   3.7511485e+00
   3.7504549e+00
   3.7497624e+00
   3.7490707e+00
   3.7483799e+00
   3.7476903e+00
   3.7470019e+00
   3.7463145e+00
   3.7456284e+00
   3.7449433e+00
   3.7442594e+00
   3.7435766e+00
   3.7428949e+00
   3.7422144e+00
   3.7415349e+00
   3.7408566e+00
   3.7401795e+00
   3.7395034e+00
   3.7388282e+00
   3.7381540e+00
   3.7374807e+00
   3.7368084e+00
   3.7361370e+00
   3.7354666e+00
   3.7347971e+00
   3.7341285e+00
   3.7334609e+00
   3.7327942e+00
   3.7321285e+00
   3.7314636e+00
   3.7307998e+00
   3.7301368e+00
   3.7294748e+00
   3.7288136e+00
   3.7281530e+00
   3.7274933e+00
   3.7268345e+00
   3.7261766e+00
   3.7255196e+00
   3.7248635e+00
   3.7242083e+00
   3.7235539e+00
   3.7229005e+00
   3.7222479e+00
   3.7215962e+00
   3.7209454e+00
   3.7202955e+00
   3.7196465e+00
   3.7189984e+00
   3.7183511e+00
   3.7177047e+00
   3.7170592e+00
   3.7164149e+00
   3.7157717e+00
   3.7151294e+00
   3.7144879e+00
   3.7138473e+00
   3.7132076e+00
   3.7125688e+00
   3.7119308e+00
   3.7112937e+00
   3.7106575e+00
   3.7100221e+00
   3.7093876e+00
   3.7087539e+00
   3.7081210e+00
   3.7074889e+00
   3.7068576e+00
   3.7062272e+00
   3.7055977e+00
   3.7049690e+00
   3.7043411e+00
   3.7037142e+00
   3.7030880e+00
   3.7024627e+00
   3.7018383e+00
   3.7012147e+00
   3.7005920e+00
   3.6999701e+00
   3.6993491e+00
   3.6987290e+00
   3.6981096e+00
   3.6974912e+00
   3.6968735e+00
   3.6962568e+00
   3.6956408e+00
   3.6950258e+00
   3.6944115e+00
   3.6937982e+00
   3.6931858e+00
   3.6925743e+00
   3.6919636e+00
   3.6913538e+00
   3.6907448e+00
   3.6901367e+00
   3.6895293e+00
   3.6889227e+00
   3.6883170e+00
   3.6877121e+00
   3.6871080e+00
   3.6865048e+00
   3.6859024e+00
   3.6853008e+00
   3.6847001e+00
   3.6841002e+00
   3.6835011e+00
   3.6829029e+00
   3.6823055e+00
   3.6817090e+00
   3.6811133e+00
   3.6805184e+00
   3.6799244e+00
   3.6793312e+00
   3.6787388e+00
   3.6781472e+00
   3.6775565e+00
   3.6769666e+00
   3.6763776e+00
   3.6757894e+00
   3.6752020e+00
   3.6746154e+00
   3.6740297e+00
   3.6734448e+00
   3.6728607e+00
   3.6722774e+00
   3.6716951e+00
   3.6711135e+00
   3.6705328e+00
   3.6699529e+00
   3.6693739e+00
   3.6687956e+00
   3.6682182e+00
   3.6676416e+00
   3.6670658e+00
   3.6664908e+00
   3.6659167e+00
   3.6653433e+00
   3.6647708e+00
   3.6641991e+00
   3.6636282e+00
   3.6630580e+00
   3.6624886e+00
   3.6619201e+00
   3.6613523e+00
   3.6607854e+00
   3.6602193e+00
   3.6596539e+00
   3.6590894e+00
   3.6585257e+00
   3.6579627e+00
   3.6574006e+00
   3.6568392e+00
   3.6562787e+00
   3.6557189e+00
   3.6551600e+00
   3.6546018e+00
   3.6540444e+00
   3.6534878e+00
   3.6529320e+00
   3.6523770e+00
   3.6518227e+00
   3.6512692e+00
   3.6507165e+00
   3.6501646e+00
   3.6496135e+00
   3.6490631e+00
   3.6485135e+00
   3.6479647e+00
   3.6474166e+00
   3.6468693e+00
   3.6463228e+00
   3.6457770e+00
   3.6452320e+00
   3.6446877e+00
   3.6441442e+00
   3.6436015e+00
   3.6430594e+00
   3.6425182e+00
   3.6419777e+00
   3.6414379e+00
   3.6408989e+00
   3.6403606e+00
   3.6398230e+00
   3.6392862e+00
   3.6387501e+00
   3.6382147e+00
   3.6376800e+00
   3.6371460e+00
   3.6366128e+00
   3.6360802e+00
   3.6355484e+00
   3.6350173e+00
   3.6344869e+00
   3.6339572e+00
   3.6334282e+00
   3.6328999e+00
   3.6323723e+00
   3.6318454e+00
   3.6313192e+00
   3.6307936e+00
   3.6302688e+00
   3.6297446e+00
   3.6292211e+00
   3.6286982e+00
   3.6281761e+00
   3.6276546e+00
   3.6271337e+00
   3.6266136e+00
   3.6260941e+00
   3.6255752e+00
   3.6250570e+00
   3.6245394e+00
   3.6240224e+00
   3.6235061e+00
   3.6229904e+00
   3.6224754e+00
   3.6219610e+00
   3.6214472e+00
   3.6209340e+00
   3.6204214e+00
   3.6199094e+00
   3.6193980e+00
   3.6188873e+00
   3.6183771e+00
   3.6178675e+00
   3.6173585e+00
   3.6168500e+00
   3.6163422e+00
   3.6158349e+00
   3.6153282e+00
   3.6148220e+00
   3.6143164e+00
   3.6138113e+00
   3.6133068e+00
   3.6128029e+00
   3.6122994e+00
   3.6117965e+00
   3.6112942e+00
   3.6107923e+00
   3.6102910e+00
   3.6097902e+00
   3.6092899e+00
   3.6087901e+00
   3.6082908e+00
   3.6077920e+00
   3.6072936e+00
   3.6067958e+00
   3.6062984e+00
   3.6058015e+00
   3.6053051e+00
   3.6048091e+00
   3.6043136e+00
   3.6038186e+00
   3.6033239e+00
   3.6028298e+00
   3.6023360e+00
   3.6018427e+00
   3.6013498e+00
   3.6008573e+00
   3.6003652e+00
   3.5998735e+00
   3.5993822e+00
   3.5988913e+00
   3.5984008e+00
   3.5979107e+00
   3.5974209e+00
   3.5969315e+00
   3.5964425e+00
   3.5959538e+00
   3.5954655e+00
   3.5949775e+00
   3.5944898e+00
   3.5940025e+00
   3.5935155e+00
   3.5930288e+00
   3.5925424e+00
   3.5920563e+00
   3.5915705e+00
   3.5910850e+00
   3.5905998e+00
   3.5901149e+00
   3.5896302e+00
   3.5891458e+00
   3.5886616e+00
   3.5881777e+00
   3.5876940e+00
   3.5872106e+00
   3.5867274e+00
   3.5862444e+00
   3.5857616e+00
   3.5852790e+00
   3.5847966e+00
   3.5843145e+00
   3.5838324e+00
   3.5833506e+00
   3.5828690e+00
   3.5823875e+00
   3.5819061e+00
   3.5814249e+00
   3.5809439e+00
   3.5804629e+00
   3.5799821e+00
   3.5795015e+00
   3.5790209e+00
   3.5785404e+00
   3.5780600e+00
   3.5775797e+00
   3.5770995e+00
   3.5766194e+00
   3.5761393e+00
   3.5756593e+00
   3.5751793e+00
   3.5746994e+00
   3.5742195e+00
   3.5737396e+00
   3.5732597e+00
   3.5727799e+00
   3.5723000e+00
   3.5718202e+00
   3.5713403e+00
   3.5708604e+00
   3.5703805e+00
   3.5699005e+00
   3.5694205e+00
   3.5689404e+00
   3.5684603e+00
   3.5679801e+00
   3.5674998e+00
   3.5670194e+00
   3.5665389e+00
   3.5660584e+00
   3.5655777e+00
   3.5650969e+00
   3.5646159e+00
   3.5641349e+00
   3.5636536e+00
   3.5631723e+00
   3.5626907e+00
   3.5622090e+00
   3.5617271e+00
   3.5612450e+00
   3.5607628e+00
   3.5602803e+00
   3.5597976e+00
   3.5593147e+00
   3.5588315e+00
   3.5583481e+00
   3.5578645e+00
   3.5573806e+00
   3.5568965e+00
   3.5564120e+00
   3.5559273e+00
   3.5554423e+00
   3.5549571e+00
   3.5544715e+00
   3.5539856e+00
   3.5534993e+00
   3.5530128e+00
   3.5525258e+00
   3.5520386e+00
   3.5515510e+00
   3.5510630e+00
   3.5505746e+00
   3.5500859e+00
   3.5495968e+00
   3.5491072e+00
   3.5486173e+00
   3.5481269e+00
   3.5476362e+00
   3.5471449e+00
   3.5466533e+00
   3.5461612e+00
   3.5456686e+00
   3.5451756e+00
   3.5446820e+00
   3.5441880e+00
   3.5436935e+00
   3.5431985e+00
   3.5427030e+00
   3.5422070e+00
   3.5417104e+00
   3.5412133e+00
   3.5407157e+00
   3.5402175e+00
   3.5397187e+00
   3.5392194e+00
   3.5387195e+00
   3.5382190e+00
   3.5377179e+00
   3.5372163e+00
   3.5367140e+00
   3.5362110e+00
   3.5357075e+00
   3.5352033e+00
   3.5346985e+00
   3.5341930e+00
   3.5336869e+00
   3.5331801e+00
   3.5326726e+00
   3.5321644e+00
   3.5316555e+00
   3.5311460e+00
   3.5306357e+00
   3.5301247e+00
   3.5296130e+00
   3.5291006e+00
   3.5285874e+00
   3.5280735e+00
   3.5275588e+00
   3.5270433e+00
   3.5265271e+00
   3.5260101e+00
   3.5254923e+00
   3.5249737e+00
   3.5244544e+00
   3.5239342e+00
   3.5234132e+00
   3.5228913e+00
   3.5223687e+00
   3.5218452e+00
   3.5213209e+00
   3.5207957e+00
   3.5202696e+00
   3.5197427e+00
   3.5192149e+00
   3.5186862e+00
   3.5181567e+00
   3.5176262e+00
   3.5170948e+00
   3.5165626e+00
   3.5160294e+00
   3.5154953e+00
   3.5149603e+00
   3.5144243e+00
   3.5138874e+00
   3.5133496e+00
   3.5128108e+00
   3.5122710e+00
   3.5117303e+00
   3.5111886e+00
   3.5106459e+00
   3.5101022e+00
   3.5095576e+00
   3.5090119e+00
   3.5084653e+00
   3.5079176e+00
   3.5073689e+00
   3.5068192e+00
   3.5062685e+00
   3.5057168e+00
   3.5051640e+00
   3.5046101e+00
   3.5040553e+00
   3.5034994e+00
   3.5029424e+00
   3.5023843e+00
   3.5018252e+00
   3.5012651e+00
   3.5007038e+00
   3.5001415e+00
   3.4995781e+00
   3.4990136e+00
   3.4984480e+00
   3.4978813e+00
   3.4973135e+00
   3.4967446e+00
   3.4961746e+00
   3.4956035e+00
   3.4950313e+00
   3.4944579e+00
   3.4938834e+00
   3.4933078e+00
   3.4927311e+00
   3.4921532e+00
   3.4915742e+00
   3.4909941e+00
   3.4904128e+00
   3.4898303e+00
   3.4892467e+00
   3.4886620e+00
   3.4880761e+00
   3.4874891e+00
   3.4869009e+00
   3.4863115e+00
   3.4857210e+00
   3.4851293e+00
   3.4845364e+00
   3.4839424e+00
   3.4833472e+00
   3.4827508e+00
   3.4821533e+00
   3.4815546e+00
   3.4809547e+00
   3.4803536e+00
   3.4797514e+00
   3.4791479e+00
   3.4785433e+00
   3.4779376e+00
   3.4773306e+00
   3.4767225e+00
   3.4761131e+00
   3.4755026e+00
   3.4748910e+00
   3.4742781e+00
   3.4736641e+00
   3.4730489e+00
   3.4724325e+00
   3.4718149e+00
   3.4711961e+00
   3.4705762e+00
   3.4699551e+00
   3.4693328e+00
   3.4687094e+00
   3.4680848e+00
   3.4674590e+00
   3.4668320e+00
   3.4662039e+00
   3.4655745e+00
   3.4649441e+00
   3.4643124e+00
   3.4636796e+00
   3.4630457e+00
   3.4624106e+00
   3.4617743e+00
   3.4611369e+00
   3.4604983e+00
   3.4598585e+00
   3.4592176e+00
   3.4585756e+00
   3.4579324e+00
   3.4572880e+00
   3.4566426e+00
   3.4559959e+00
   3.4553481e+00
   3.4546992e+00
   3.4540492e+00
   3.4533979e+00
   3.4527456e+00
   3.4520921e+00
   3.4514374e+00
   3.4507817e+00
   3.4501247e+00
   3.4494666e+00
   3.4488074e+00
   3.4481470e+00
   3.4474854e+00
   3.4468227e+00
   3.4461588e+00
   3.4454937e+00
   3.4448274e+00
   3.4441599e+00
   3.4434913e+00
   3.4428214e+00
   3.4421502e+00
   3.4414779e+00
   3.4408042e+00
   3.4401293e+00
   3.4394531e+00
   3.4387755e+00
   3.4380966e+00
   3.4374163e+00
   3.4367345e+00
   3.4360514e+00
   3.4353667e+00
   3.4346805e+00
   3.4339927e+00
   3.4333033e+00
   3.4326122e+00
   3.4319193e+00
   3.4312247e+00
   3.4305281e+00
   3.4298295e+00
   3.4291289e+00
   3.4284261e+00
   3.4277211e+00
   3.4270136e+00
   3.4263037e+00
   3.4255910e+00
   3.4248756e+00
   3.4241572e+00
   3.4234357e+00
   3.4227109e+00
   3.4219824e+00
   3.4212502e+00
   3.4205140e+00
   3.4197735e+00
   3.4190284e+00
   3.4182784e+00
   3.4175232e+00
   3.4167623e+00
   3.4159954e+00
   3.4152220e+00
   3.4144417e+00
   3.4136539e+00
   3.4128581e+00
   3.4120537e+00
   3.4112399e+00
   3.4104162e+00
   3.4095816e+00
   3.4087355e+00
   3.4078767e+00
   3.4070045e+00
   3.4061177e+00
   3.4052151e+00
   3.4042955e+00
   3.4033575e+00
   3.4023996e+00
   3.4014203e+00
   3.4004178e+00
   3.3993902e+00
   3.3983355e+00
   3.3972514e+00
   3.3961355e+00
   3.3949853e+00
   3.3937979e+00
   3.3925702e+00
   3.3912988e+00
   3.3899801e+00
   3.3886101e+00
   3.3871845e+00
   3.3856987e+00
   3.3841474e+00
   3.3825252e+00
   3.3808259e+00
   3.3790429e+00
   3.3771689e+00
   3.3751960e+00
   3.3731155e+00
   3.3709179e+00
   3.3685927e+00
   3.3661286e+00
   3.3635129e+00
   3.3607317e+00
   3.3577698e+00
   3.3546104e+00
   3.3512348e+00
   3.3476225e+00
   3.3437504e+00
   3.3395933e+00
   3.3351228e+00
   3.3303074e+00
   3.3251118e+00
   3.3194964e+00
   3.3134168e+00
   3.3068230e+00
   3.2996584e+00
   3.2918590e+00
   3.2833521e+00
   3.2740548e+00
   3.2638723e+00
   3.2526959e+00
   3.2404004e+00
   3.2268410e+00
   3.2118497e+00
   3.1952306e+00
   3.1767545e+00
   3.1561519e+00
   3.1331040e+00
   3.1072325e+00
   3.0780853e+00
   3.0451199e+00
   3.0076808e+00
   2.9649713e+00
   2.9160172e+00
   2.8596184e+00
   2.7942863e+00
