   3.8922087e+00
   3.8830670e+00
   3.8790761e+00
   3.8759334e+00
   3.8732268e+00
   3.8709158e+00
   3.8687323e+00
   3.8667186e+00
   3.8648266e+00
   3.8630275e+00
   3.8613052e+00
   3.8596320e+00
   3.8580224e+00
   3.8564687e+00
   3.8549832e+00
   3.8535496e+00
   3.8521312e+00
   3.8507533e+00
   3.8494168e+00
   3.8481204e+00
   3.8468418e+00
   3.8455881e+00
   3.8443630e+00
   3.8431655e+00
   3.8419853e+00
   3.8408193e+00
   3.8396736e+00
   3.8385480e+00
   3.8374389e+00
   3.8363289e+00
   3.8352328e+00
   3.8341509e+00
   3.8330838e+00
   3.8320313e+00
   3.8309932e+00
   3.8299695e+00
   3.8289596e+00
   3.8279625e+00
   3.8269788e+00
   3.8260030e+00
   3.8250229e+00
   3.8240523e+00
   3.8230912e+00
   3.8221378e+00
   3.8211930e+00
   3.8202572e+00
   3.8193304e+00
   3.8184124e+00
   3.8175032e+00
   3.8166028e+00
   3.8157059e+00
   3.8148075e+00
   3.8139153e+00
   3.8130293e+00
   3.8121494e+00
   3.8112756e+00
   3.8104078e+00
   3.8095459e+00
   3.8086901e+00
   3.8078381e+00
   3.8069915e+00
   3.8061469e+00
   3.8053030e+00
   3.8044634e+00
   3.8036279e+00
   3.8027966e+00
   3.8019694e+00
   3.8011464e+00
   3.8003274e+00
   3.7995124e+00
   3.7987015e+00
   3.7978946e+00
   3.7970874e+00
   3.7962807e+00
   3.7954772e+00
   3.7946755e+00
   3.7938769e+00
   3.7930813e+00
   3.7922887e+00
   3.7914991e+00
   3.7907124e+00
   3.7899287e+00
   3.7891479e+00
   3.7883701e+00
   3.7875951e+00
   3.7868229e+00
   3.7860537e+00
   3.7852872e+00
   3.7845236e+00
   3.7837628e+00
   3.7830046e+00
   3.7822476e+00
   3.7814883e+00
   3.7807311e+00
   3.7799761e+00
   3.7792231e+00
   3.7784721e+00
   3.7777233e+00
   3.7769765e+00
   3.7762317e+00
   3.7754889e+00
   3.7747482e+00
   3.7740094e+00
   3.7732727e+00
   3.7725379e+00
   3.7718051e+00
   3.7710740e+00
   3.7703443e+00
   3.7696165e+00
   3.7688906e+00
   3.7681666e+00
   3.7674417e+00
   3.7667175e+00
   3.7659949e+00
   3.7652737e+00
   3.7645541e+00
   3.7638359e+00
   3.7631192e+00
   3.7624040e+00
   3.7616903e+00
   3.7609780e+00
   3.7602672e+00
   3.7595579e+00
   3.7588500e+00
   3.7581435e+00
   3.7574384e+00
   3.7567348e+00
   3.7560326e+00
   3.7553319e+00
   3.7546325e+00
   3.7539339e+00
   3.7532354e+00
   3.7525381e+00
   3.7518421e+00
   3.7511472e+00
   3.7504536e+00
   3.7497611e+00
   3.7490694e+00
   3.7483787e+00
   3.7476891e+00
   3.7470006e+00
   3.7463133e+00
   3.7456271e+00
   3.7449420e+00
   3.7442581e+00
   3.7435753e+00
   3.7428937e+00
   3.7422131e+00
   3.7415337e+00
   3.7408553e+00
   3.7401782e+00
   3.7395021e+00
   3.7388269e+00
   3.7381527e+00
   3.7374794e+00
   3.7368071e+00
   3.7361357e+00
   3.7354653e+00
   3.7347958e+00
   3.7341272e+00
   3.7334596e+00
   3.7327929e+00
   3.7321272e+00
   3.7314624e+00
   3.7307985e+00
   3.7301355e+00
   3.7294735e+00
   3.7288124e+00
   3.7281518e+00
   3.7274921e+00
   3.7268333e+00
   3.7261754e+00
   3.7255183e+00
   3.7248622e+00
   3.7242070e+00
   3.7235526e+00
   3.7228992e+00
   3.7222466e+00
   3.7215950e+00
   3.7209442e+00
   3.7202943e+00
   3.7196452e+00
   3.7189971e+00
   3.7183498e+00
   3.7177035e+00
   3.7170580e+00
   3.7164136e+00
   3.7157704e+00
   3.7151281e+00
   3.7144866e+00
   3.7138460e+00
   3.7132063e+00
   3.7125675e+00
   3.7119295e+00
   3.7112924e+00
   3.7106562e+00
   3.7100208e+00
   3.7093864e+00
   3.7087527e+00
   3.7081197e+00
   3.7074876e+00
   3.7068563e+00
   3.7062259e+00
   3.7055964e+00
   3.7049677e+00
   3.7043399e+00
   3.7037129e+00
   3.7030867e+00
   3.7024615e+00
   3.7018370e+00
   3.7012135e+00
   3.7005907e+00
   3.6999689e+00
   3.6993479e+00
   3.6987277e+00
   3.6981084e+00
   3.6974899e+00
   3.6968723e+00
   3.6962555e+00
   3.6956396e+00
   3.6950245e+00
   3.6944103e+00
   3.6937969e+00
   3.6931846e+00
   3.6925730e+00
   3.6919624e+00
   3.6913525e+00
   3.6907436e+00
   3.6901354e+00
   3.6895280e+00
   3.6889214e+00
   3.6883157e+00
   3.6877108e+00
   3.6871067e+00
   3.6865035e+00
   3.6859011e+00
   3.6852995e+00
   3.6846988e+00
   3.6840989e+00
   3.6834999e+00
   3.6829016e+00
   3.6823043e+00
   3.6817077e+00
   3.6811120e+00
   3.6805171e+00
   3.6799231e+00
   3.6793299e+00
   3.6787375e+00
   3.6781460e+00
   3.6775552e+00
   3.6769654e+00
   3.6763763e+00
   3.6757881e+00
   3.6752007e+00
   3.6746141e+00
   3.6740284e+00
   3.6734435e+00
   3.6728594e+00
   3.6722762e+00
   3.6716938e+00
   3.6711122e+00
   3.6705315e+00
   3.6699516e+00
   3.6693726e+00
   3.6687943e+00
   3.6682169e+00
   3.6676403e+00
   3.6670645e+00
   3.6664895e+00
   3.6659154e+00
   3.6653420e+00
   3.6647695e+00
   3.6641978e+00
   3.6636269e+00
   3.6630567e+00
   3.6624873e+00
   3.6619188e+00
   3.6613510e+00
   3.6607841e+00
   3.6602180e+00
   3.6596526e+00
   3.6590881e+00
   3.6585244e+00
   3.6579614e+00
   3.6573993e+00
   3.6568379e+00
   3.6562774e+00
   3.6557176e+00
   3.6551587e+00
   3.6546005e+00
   3.6540431e+00
   3.6534865e+00
   3.6529307e+00
   3.6523757e+00
   3.6518214e+00
   3.6512679e+00
   3.6507152e+00
   3.6501633e+00
   3.6496122e+00
   3.6490618e+00
   3.6485122e+00
   3.6479634e+00
   3.6474153e+00
   3.6468680e+00
   3.6463215e+00
   3.6457757e+00
   3.6452307e+00
   3.6446864e+00
   3.6441429e+00
   3.6436001e+00
   3.6430581e+00
   3.6425169e+00
   3.6419764e+00
   3.6414366e+00
   3.6408976e+00
   3.6403593e+00
   3.6398217e+00
   3.6392849e+00
   3.6387488e+00
   3.6382134e+00
   3.6376787e+00
   3.6371447e+00
   3.6366115e+00
   3.6360789e+00
   3.6355471e+00
   3.6350160e+00
   3.6344856e+00
   3.6339559e+00
   3.6334269e+00
   3.6328986e+00
   3.6323710e+00
   3.6318441e+00
   3.6313179e+00
   3.6307923e+00
   3.6302675e+00
   3.6297433e+00
   3.6292198e+00
   3.6286969e+00
   3.6281748e+00
   3.6276533e+00
   3.6271324e+00
   3.6266123e+00
   3.6260927e+00
   3.6255739e+00
   3.6250556e+00
   3.6245381e+00
   3.6240211e+00
   3.6235048e+00
   3.6229891e+00
   3.6224741e+00
   3.6219596e+00
   3.6214458e+00
   3.6209326e+00
   3.6204201e+00
   3.6199081e+00
   3.6193967e+00
   3.6188859e+00
   3.6183757e+00
   3.6178661e+00
   3.6173571e+00
   3.6168487e+00
   3.6163409e+00
   3.6158336e+00
   3.6153268e+00
   3.6148207e+00
   3.6143151e+00
   3.6138100e+00
   3.6133055e+00
   3.6128015e+00
   3.6122981e+00
   3.6117952e+00
   3.6112928e+00
   3.6107910e+00
   3.6102897e+00
   3.6097888e+00
   3.6092885e+00
   3.6087887e+00
   3.6082894e+00
   3.6077906e+00
   3.6072923e+00
   3.6067945e+00
   3.6062971e+00
   3.6058002e+00
   3.6053038e+00
   3.6048078e+00
   3.6043123e+00
   3.6038172e+00
   3.6033226e+00
   3.6028284e+00
   3.6023346e+00
   3.6018413e+00
   3.6013484e+00
   3.6008559e+00
   3.6003638e+00
   3.5998722e+00
   3.5993809e+00
   3.5988900e+00
   3.5983995e+00
   3.5979093e+00
   3.5974196e+00
   3.5969302e+00
   3.5964411e+00
   3.5959525e+00
   3.5954641e+00
   3.5949761e+00
   3.5944885e+00
   3.5940012e+00
   3.5935141e+00
   3.5930274e+00
   3.5925411e+00
   3.5920550e+00
   3.5915692e+00
   3.5910837e+00
   3.5905985e+00
   3.5901135e+00
   3.5896288e+00
   3.5891444e+00
   3.5886602e+00
   3.5881763e+00
   3.5876927e+00
   3.5872092e+00
   3.5867260e+00
   3.5862430e+00
   3.5857602e+00
   3.5852776e+00
   3.5847953e+00
   3.5843131e+00
   3.5838311e+00
   3.5833492e+00
   3.5828676e+00
   3.5823861e+00
   3.5819047e+00
   3.5814235e+00
   3.5809425e+00
   3.5804616e+00
   3.5799808e+00
   3.5795001e+00
   3.5790195e+00
   3.5785390e+00
   3.5780586e+00
   3.5775783e+00
   3.5770981e+00
   3.5766180e+00
   3.5761379e+00
   3.5756579e+00
   3.5751779e+00
   3.5746980e+00
   3.5742181e+00
   3.5737382e+00
   3.5732583e+00
   3.5727785e+00
   3.5722986e+00
   3.5718188e+00
   3.5713389e+00
   3.5708590e+00
   3.5703791e+00
   3.5698991e+00
   3.5694191e+00
   3.5689390e+00
   3.5684589e+00
   3.5679787e+00
   3.5674984e+00
   3.5670180e+00
   3.5665375e+00
   3.5660570e+00
   3.5655763e+00
   3.5650955e+00
   3.5646145e+00
   3.5641334e+00
   3.5636522e+00
   3.5631708e+00
   3.5626893e+00
   3.5622076e+00
   3.5617257e+00
   3.5612436e+00
   3.5607613e+00
   3.5602788e+00
   3.5597962e+00
   3.5593132e+00
   3.5588301e+00
   3.5583467e+00
   3.5578631e+00
   3.5573792e+00
   3.5568950e+00
   3.5564106e+00
   3.5559259e+00
   3.5554409e+00
   3.5549556e+00
   3.5544700e+00
   3.5539841e+00
   3.5534979e+00
   3.5530113e+00
   3.5525244e+00
   3.5520371e+00
   3.5515495e+00
   3.5510616e+00
   3.5505732e+00
   3.5500845e+00
   3.5495953e+00
   3.5491058e+00
   3.5486159e+00
   3.5481255e+00
   3.5476347e+00
   3.5471435e+00
   3.5466518e+00
   3.5461597e+00
   3.5456671e+00
   3.5451741e+00
   3.5446806e+00
   3.5441866e+00
   3.5436921e+00
   3.5431971e+00
   3.5427016e+00
   3.5422055e+00
   3.5417090e+00
   3.5412119e+00
   3.5407142e+00
   3.5402160e+00
   3.5397173e+00
   3.5392179e+00
   3.5387180e+00
   3.5382175e+00
   3.5377165e+00
   3.5372148e+00
   3.5367125e+00
   3.5362096e+00
   3.5357060e+00
   3.5352018e+00
   3.5346970e+00
   3.5341915e+00
   3.5336854e+00
   3.5331786e+00
   3.5326711e+00
   3.5321629e+00
   3.5316540e+00
   3.5311445e+00
   3.5306342e+00
   3.5301232e+00
   3.5296115e+00
   3.5290991e+00
   3.5285859e+00
   3.5280720e+00
   3.5275573e+00
   3.5270418e+00
   3.5265256e+00
   3.5260086e+00
   3.5254908e+00
   3.5249722e+00
   3.5244528e+00
   3.5239327e+00
   3.5234117e+00
   3.5228898e+00
   3.5223672e+00
   3.5218437e+00
   3.5213193e+00
   3.5207941e+00
   3.5202681e+00
   3.5197412e+00
   3.5192134e+00
   3.5186847e+00
   3.5181551e+00
   3.5176247e+00
   3.5170933e+00
   3.5165610e+00
   3.5160279e+00
   3.5154938e+00
   3.5149587e+00
   3.5144228e+00
   3.5138859e+00
   3.5133480e+00
   3.5128092e+00
   3.5122694e+00
   3.5117287e+00
   3.5111870e+00
   3.5106443e+00
   3.5101006e+00
   3.5095560e+00
   3.5090103e+00
   3.5084637e+00
   3.5079160e+00
   3.5073673e+00
   3.5068176e+00
   3.5062669e+00
   3.5057152e+00
   3.5051624e+00
   3.5046086e+00
   3.5040537e+00
   3.5034978e+00
   3.5029408e+00
   3.5023828e+00
   3.5018236e+00
   3.5012635e+00
   3.5007022e+00
   3.5001399e+00
   3.4995765e+00
   3.4990120e+00
   3.4984464e+00
   3.4978797e+00
   3.4973119e+00
   3.4967430e+00
   3.4961730e+00
   3.4956019e+00
   3.4950296e+00
   3.4944563e+00
   3.4938818e+00
   3.4933062e+00
   3.4927295e+00
   3.4921516e+00
   3.4915726e+00
   3.4909924e+00
   3.4904111e+00
   3.4898287e+00
   3.4892451e+00
   3.4886604e+00
   3.4880745e+00
   3.4874874e+00
   3.4868992e+00
   3.4863098e+00
   3.4857193e+00
   3.4851276e+00
   3.4845347e+00
   3.4839407e+00
   3.4833455e+00
   3.4827491e+00
   3.4821516e+00
   3.4815529e+00
   3.4809530e+00
   3.4803519e+00
   3.4797497e+00
   3.4791462e+00
   3.4785416e+00
   3.4779359e+00
   3.4773289e+00
   3.4767208e+00
   3.4761114e+00
   3.4755009e+00
   3.4748893e+00
   3.4742764e+00
   3.4736624e+00
   3.4730471e+00
   3.4724307e+00
   3.4718132e+00
   3.4711944e+00
   3.4705745e+00
   3.4699534e+00
   3.4693311e+00
   3.4687076e+00
   3.4680830e+00
   3.4674572e+00
   3.4668302e+00
   3.4662021e+00
   3.4655728e+00
   3.4649423e+00
   3.4643107e+00
   3.4636779e+00
   3.4630439e+00
   3.4624088e+00
   3.4617725e+00
   3.4611351e+00
   3.4604965e+00
   3.4598567e+00
   3.4592158e+00
   3.4585738e+00
   3.4579306e+00
   3.4572862e+00
   3.4566408e+00
   3.4559941e+00
   3.4553463e+00
   3.4546974e+00
   3.4540473e+00
   3.4533961e+00
   3.4527438e+00
   3.4520903e+00
   3.4514356e+00
   3.4507798e+00
   3.4501229e+00
   3.4494648e+00
   3.4488055e+00
   3.4481451e+00
   3.4474835e+00
   3.4468208e+00
   3.4461569e+00
   3.4454918e+00
   3.4448255e+00
   3.4441581e+00
   3.4434894e+00
   3.4428195e+00
   3.4421483e+00
   3.4414760e+00
   3.4408023e+00
   3.4401274e+00
   3.4394511e+00
   3.4387736e+00
   3.4380946e+00
   3.4374143e+00
   3.4367326e+00
   3.4360494e+00
   3.4353648e+00
   3.4346786e+00
   3.4339908e+00
   3.4333013e+00
   3.4326102e+00
   3.4319174e+00
   3.4312227e+00
   3.4305261e+00
   3.4298275e+00
   3.4291269e+00
   3.4284241e+00
   3.4277191e+00
   3.4270116e+00
   3.4263016e+00
   3.4255890e+00
   3.4248736e+00
   3.4241552e+00
   3.4234337e+00
   3.4227088e+00
   3.4219804e+00
   3.4212482e+00
   3.4205120e+00
   3.4197715e+00
   3.4190264e+00
   3.4182763e+00
   3.4175211e+00
   3.4167602e+00
   3.4159933e+00
   3.4152199e+00
   3.4144396e+00
   3.4136518e+00
   3.4128560e+00
   3.4120515e+00
   3.4112378e+00
   3.4104140e+00
   3.4095795e+00
   3.4087333e+00
   3.4078746e+00
   3.4070023e+00
   3.4061155e+00
   3.4052129e+00
   3.4042932e+00
   3.4033552e+00
   3.4023974e+00
   3.4014181e+00
   3.4004155e+00
   3.3993879e+00
   3.3983332e+00
   3.3972491e+00
   3.3961332e+00
   3.3949830e+00
   3.3937956e+00
   3.3925678e+00
   3.3912964e+00
   3.3899777e+00
   3.3886077e+00
   3.3871821e+00
   3.3856963e+00
   3.3841450e+00
   3.3825228e+00
   3.3808235e+00
   3.3790404e+00
   3.3771664e+00
   3.3751935e+00
   3.3731130e+00
   3.3709154e+00
   3.3685902e+00
   3.3661261e+00
   3.3635103e+00
   3.3607291e+00
   3.3577673e+00
   3.3546078e+00
   3.3512322e+00
   3.3476198e+00
   3.3437478e+00
   3.3395906e+00
   3.3351201e+00
   3.3303047e+00
   3.3251091e+00
   3.3194936e+00
   3.3134140e+00
   3.3068202e+00
   3.2996555e+00
   3.2918561e+00
   3.2833492e+00
   3.2740519e+00
   3.2638694e+00
   3.2526930e+00
   3.2403974e+00
   3.2268380e+00
   3.2118466e+00
   3.1952275e+00
   3.1767514e+00
   3.1561487e+00
   3.1331008e+00
   3.1072292e+00
   3.0780820e+00
   3.0451166e+00
   3.0076774e+00
   2.9649679e+00
   2.9160137e+00
   2.8596148e+00
   2.7942827e+00
