   4.2250667e+00
   4.2155667e+00
   4.2114198e+00
   4.2081621e+00
   4.2053552e+00
   4.2029592e+00
   4.2006975e+00
   4.1986121e+00
   4.1966572e+00
   4.1947966e+00
   4.1930142e+00
   4.1912875e+00
   4.1896255e+00
   4.1880205e+00
   4.1864878e+00
   4.1850085e+00
   4.1835450e+00
   4.1821234e+00
   4.1807448e+00
   4.1794080e+00
   4.1780902e+00
   4.1767987e+00
   4.1755371e+00
   4.1743043e+00
   4.1730892e+00
   4.1718893e+00
   4.1707107e+00
   4.1695531e+00
   4.1684130e+00
   4.1672728e+00
   4.1661470e+00
   4.1650360e+00
   4.1639405e+00
   4.1628603e+00
   4.1617952e+00
   4.1607451e+00
   4.1597095e+00
   4.1586870e+00
   4.1576785e+00
   4.1566784e+00
   4.1556744e+00
   4.1546806e+00
   4.1536967e+00
   4.1527207e+00
   4.1517536e+00
   4.1507959e+00
   4.1498477e+00
   4.1489087e+00
   4.1479790e+00
   4.1470584e+00
   4.1461418e+00
   4.1452241e+00
   4.1443130e+00
   4.1434084e+00
   4.1425104e+00
   4.1416188e+00
   4.1407337e+00
   4.1398548e+00
   4.1389824e+00
   4.1381137e+00
   4.1372508e+00
   4.1363902e+00
   4.1355306e+00
   4.1346755e+00
   4.1338250e+00
   4.1329789e+00
   4.1321372e+00
   4.1313000e+00
   4.1304671e+00
   4.1296386e+00
   4.1288144e+00
   4.1279945e+00
   4.1271745e+00
   4.1263554e+00
   4.1255397e+00
   4.1247260e+00
   4.1239155e+00
   4.1231083e+00
   4.1223044e+00
   4.1215037e+00
   4.1207062e+00
   4.1199119e+00
   4.1191207e+00
   4.1183327e+00
   4.1175478e+00
   4.1167661e+00
   4.1159874e+00
   4.1152118e+00
   4.1144392e+00
   4.1136697e+00
   4.1129030e+00
   4.1121376e+00
   4.1113702e+00
   4.1106051e+00
   4.1098423e+00
   4.1090818e+00
   4.1083236e+00
   4.1075677e+00
   4.1068140e+00
   4.1060626e+00
   4.1053134e+00
   4.1045665e+00
   4.1038217e+00
   4.1030791e+00
   4.1023388e+00
   4.1016006e+00
   4.1008642e+00
   4.1001294e+00
   4.0993967e+00
   4.0986661e+00
   4.0979375e+00
   4.0972083e+00
   4.0964800e+00
   4.0957535e+00
   4.0950286e+00
   4.0943054e+00
   4.0935840e+00
   4.0928641e+00
   4.0921460e+00
   4.0914295e+00
   4.0907147e+00
   4.0900015e+00
   4.0892900e+00
   4.0885801e+00
   4.0878718e+00
   4.0871652e+00
   4.0864601e+00
   4.0857567e+00
   4.0850549e+00
   4.0843546e+00
   4.0836554e+00
   4.0829564e+00
   4.0822589e+00
   4.0815627e+00
   4.0808680e+00
   4.0801746e+00
   4.0794826e+00
   4.0787915e+00
   4.0781015e+00
   4.0774128e+00
   4.0767255e+00
   4.0760394e+00
   4.0753547e+00
   4.0746713e+00
   4.0739893e+00
   4.0733085e+00
   4.0726290e+00
   4.0719508e+00
   4.0712739e+00
   4.0705984e+00
   4.0699242e+00
   4.0692511e+00
   4.0685792e+00
   4.0679084e+00
   4.0672388e+00
   4.0665702e+00
   4.0659028e+00
   4.0652366e+00
   4.0645714e+00
   4.0639074e+00
   4.0632444e+00
   4.0625826e+00
   4.0619219e+00
   4.0612623e+00
   4.0606038e+00
   4.0599464e+00
   4.0592901e+00
   4.0586349e+00
   4.0579804e+00
   4.0573270e+00
   4.0566746e+00
   4.0560233e+00
   4.0553730e+00
   4.0547239e+00
   4.0540758e+00
   4.0534287e+00
   4.0527827e+00
   4.0521378e+00
   4.0514940e+00
   4.0508512e+00
   4.0502094e+00
   4.0495688e+00
   4.0489291e+00
   4.0482906e+00
   4.0476531e+00
   4.0470166e+00
   4.0463815e+00
   4.0457477e+00
   4.0451149e+00
   4.0444832e+00
   4.0438525e+00
   4.0432229e+00
   4.0425943e+00
   4.0419667e+00
   4.0413402e+00
   4.0407148e+00
   4.0400904e+00
   4.0394670e+00
   4.0388446e+00
   4.0382231e+00
   4.0376027e+00
   4.0369832e+00
   4.0363648e+00
   4.0357474e+00
   4.0351311e+00
   4.0345158e+00
   4.0339015e+00
   4.0332882e+00
   4.0326760e+00
   4.0320647e+00
   4.0314546e+00
   4.0308454e+00
   4.0302373e+00
   4.0296302e+00
   4.0290241e+00
   4.0284190e+00
   4.0278150e+00
   4.0272120e+00
   4.0266100e+00
   4.0260090e+00
   4.0254091e+00
   4.0248102e+00
   4.0242123e+00
   4.0236156e+00
   4.0230200e+00
   4.0224253e+00
   4.0218317e+00
   4.0212391e+00
   4.0206475e+00
   4.0200568e+00
   4.0194672e+00
   4.0188785e+00
   4.0182908e+00
   4.0177042e+00
   4.0171186e+00
   4.0165340e+00
   4.0159504e+00
   4.0153678e+00
   4.0147863e+00
   4.0142057e+00
   4.0136262e+00
   4.0130477e+00
   4.0124702e+00
   4.0118937e+00
   4.0113183e+00
   4.0107438e+00
   4.0101704e+00
   4.0095980e+00
   4.0090265e+00
   4.0084561e+00
   4.0078868e+00
   4.0073184e+00
   4.0067510e+00
   4.0061847e+00
   4.0056193e+00
   4.0050550e+00
   4.0044917e+00
   4.0039294e+00
   4.0033681e+00
   4.0028078e+00
   4.0022486e+00
   4.0016904e+00
   4.0011332e+00
   4.0005770e+00
   4.0000218e+00
   3.9994676e+00
   3.9989144e+00
   3.9983622e+00
   3.9978110e+00
   3.9972608e+00
   3.9967117e+00
   3.9961635e+00
   3.9956163e+00
   3.9950701e+00
   3.9945248e+00
   3.9939806e+00
   3.9934373e+00
   3.9928951e+00
   3.9923538e+00
   3.9918135e+00
   3.9912742e+00
   3.9907359e+00
   3.9901986e+00
   3.9896623e+00
   3.9891269e+00
   3.9885926e+00
   3.9880592e+00
   3.9875268e+00
   3.9869954e+00
   3.9864650e+00
   3.9859356e+00
   3.9854071e+00
   3.9848796e+00
   3.9843531e+00
   3.9838276e+00
   3.9833030e+00
   3.9827795e+00
   3.9822568e+00
   3.9817352e+00
   3.9812145e+00
   3.9806948e+00
   3.9801761e+00
   3.9796583e+00
   3.9791414e+00
   3.9786256e+00
   3.9781107e+00
   3.9775967e+00
   3.9770837e+00
   3.9765717e+00
   3.9760606e+00
   3.9755505e+00
   3.9750413e+00
   3.9745330e+00
   3.9740257e+00
   3.9735193e+00
   3.9730139e+00
   3.9725094e+00
   3.9720058e+00
   3.9715032e+00
   3.9710015e+00
   3.9705007e+00
   3.9700008e+00
   3.9695018e+00
   3.9690038e+00
   3.9685067e+00
   3.9680105e+00
   3.9675152e+00
   3.9670208e+00
   3.9665273e+00
   3.9660347e+00
   3.9655431e+00
   3.9650523e+00
   3.9645624e+00
   3.9640735e+00
   3.9635854e+00
   3.9630982e+00
   3.9626119e+00
   3.9621264e+00
   3.9616419e+00
   3.9611582e+00
   3.9606754e+00
   3.9601935e+00
   3.9597125e+00
   3.9592323e+00
   3.9587529e+00
   3.9582745e+00
   3.9577969e+00
   3.9573201e+00
   3.9568442e+00
   3.9563691e+00
   3.9558949e+00
   3.9554215e+00
   3.9549489e+00
   3.9544772e+00
   3.9540063e+00
   3.9535362e+00
   3.9530669e+00
   3.9525985e+00
   3.9521308e+00
   3.9516640e+00
   3.9511980e+00
   3.9507328e+00
   3.9502683e+00
   3.9498047e+00
   3.9493418e+00
   3.9488797e+00
   3.9484184e+00
   3.9479579e+00
   3.9474982e+00
   3.9470392e+00
   3.9465809e+00
   3.9461235e+00
   3.9456668e+00
   3.9452108e+00
   3.9447556e+00
   3.9443011e+00
   3.9438474e+00
   3.9433944e+00
   3.9429421e+00
   3.9424905e+00
   3.9420397e+00
   3.9415896e+00
   3.9411401e+00
   3.9406914e+00
   3.9402434e+00
   3.9397961e+00
   3.9393494e+00
   3.9389035e+00
   3.9384582e+00
   3.9380136e+00
   3.9375697e+00
   3.9371264e+00
   3.9366838e+00
   3.9362419e+00
   3.9358005e+00
   3.9353599e+00
   3.9349199e+00
   3.9344805e+00
   3.9340417e+00
   3.9336036e+00
   3.9331660e+00
   3.9327291e+00
   3.9322928e+00
   3.9318571e+00
   3.9314220e+00
   3.9309874e+00
   3.9305535e+00
   3.9301201e+00
   3.9296873e+00
   3.9292551e+00
   3.9288234e+00
   3.9283923e+00
   3.9279617e+00
   3.9275317e+00
   3.9271022e+00
   3.9266733e+00
   3.9262448e+00
   3.9258169e+00
   3.9253895e+00
   3.9249626e+00
   3.9245362e+00
   3.9241103e+00
   3.9236849e+00
   3.9232600e+00
   3.9228355e+00
   3.9224116e+00
   3.9219880e+00
   3.9215650e+00
   3.9211424e+00
   3.9207202e+00
   3.9202985e+00
   3.9198772e+00
   3.9194563e+00
   3.9190359e+00
   3.9186158e+00
   3.9181962e+00
   3.9177770e+00
   3.9173581e+00
   3.9169397e+00
   3.9165216e+00
   3.9161039e+00
   3.9156866e+00
   3.9152696e+00
   3.9148530e+00
   3.9144368e+00
   3.9140208e+00
   3.9136052e+00
   3.9131900e+00
   3.9127750e+00
   3.9123604e+00
   3.9119461e+00
   3.9115321e+00
   3.9111183e+00
   3.9107049e+00
   3.9102917e+00
   3.9098788e+00
   3.9094662e+00
   3.9090538e+00
   3.9086417e+00
   3.9082299e+00
   3.9078182e+00
   3.9074068e+00
   3.9069956e+00
   3.9065847e+00
   3.9061739e+00
   3.9057634e+00
   3.9053531e+00
   3.9049429e+00
   3.9045329e+00
   3.9041231e+00
   3.9037135e+00
   3.9033040e+00
   3.9028947e+00
   3.9024856e+00
   3.9020765e+00
   3.9016677e+00
   3.9012589e+00
   3.9008503e+00
   3.9004417e+00
   3.9000333e+00
   3.8996250e+00
   3.8992168e+00
   3.8988086e+00
   3.8984005e+00
   3.8979925e+00
   3.8975846e+00
   3.8971767e+00
   3.8967689e+00
   3.8963611e+00
   3.8959534e+00
   3.8955457e+00
   3.8951380e+00
   3.8947303e+00
   3.8943227e+00
   3.8939150e+00
   3.8935073e+00
   3.8930996e+00
   3.8926919e+00
   3.8922842e+00
   3.8918765e+00
   3.8914687e+00
   3.8910608e+00
   3.8906529e+00
   3.8902450e+00
   3.8898370e+00
   3.8894289e+00
   3.8890207e+00
   3.8886125e+00
   3.8882041e+00
   3.8877957e+00
   3.8873871e+00
   3.8869785e+00
   3.8865697e+00
   3.8861608e+00
   3.8857517e+00
   3.8853426e+00
   3.8849333e+00
   3.8845238e+00
   3.8841142e+00
   3.8837044e+00
   3.8832944e+00
   3.8828843e+00
   3.8824740e+00
   3.8820635e+00
   3.8816528e+00
   3.8812419e+00
   3.8808308e+00
   3.8804195e+00
   3.8800080e+00
   3.8795962e+00
   3.8791842e+00
   3.8787720e+00
   3.8783596e+00
   3.8779469e+00
   3.8775339e+00
   3.8771207e+00
   3.8767073e+00
   3.8762935e+00
   3.8758795e+00
   3.8754652e+00
   3.8750507e+00
   3.8746358e+00
   3.8742206e+00
   3.8738052e+00
   3.8733894e+00
   3.8729734e+00
   3.8725570e+00
   3.8721403e+00
   3.8717233e+00
   3.8713060e+00
   3.8708883e+00
   3.8704703e+00
   3.8700519e+00
   3.8696332e+00
   3.8692142e+00
   3.8687948e+00
   3.8683750e+00
   3.8679549e+00
   3.8675344e+00
   3.8671136e+00
   3.8666923e+00
   3.8662707e+00
   3.8658487e+00
   3.8654264e+00
   3.8650036e+00
   3.8645805e+00
   3.8641569e+00
   3.8637330e+00
   3.8633087e+00
   3.8628839e+00
   3.8624588e+00
   3.8620332e+00
   3.8616073e+00
   3.8611809e+00
   3.8607541e+00
   3.8603269e+00
   3.8598993e+00
   3.8594713e+00
   3.8590428e+00
   3.8586139e+00
   3.8581846e+00
   3.8577548e+00
   3.8573247e+00
   3.8568941e+00
   3.8564630e+00
   3.8560316e+00
   3.8555997e+00
   3.8551673e+00
   3.8547345e+00
   3.8543013e+00
   3.8538677e+00
   3.8534336e+00
   3.8529991e+00
   3.8525642e+00
   3.8521288e+00
   3.8516929e+00
   3.8512567e+00
   3.8508200e+00
   3.8503829e+00
   3.8499453e+00
   3.8495073e+00
   3.8490689e+00
   3.8486301e+00
   3.8481908e+00
   3.8477511e+00
   3.8473110e+00
   3.8468705e+00
   3.8464295e+00
   3.8459882e+00
   3.8455464e+00
   3.8451042e+00
   3.8446616e+00
   3.8442186e+00
   3.8437752e+00
   3.8433315e+00
   3.8428873e+00
   3.8424427e+00
   3.8419978e+00
   3.8415524e+00
   3.8411067e+00
   3.8406607e+00
   3.8402142e+00
   3.8397674e+00
   3.8393203e+00
   3.8388728e+00
   3.8384249e+00
   3.8379768e+00
   3.8375283e+00
   3.8370795e+00
   3.8366303e+00
   3.8361809e+00
   3.8357311e+00
   3.8352811e+00
   3.8348308e+00
   3.8343802e+00
   3.8339293e+00
   3.8334782e+00
   3.8330268e+00
   3.8325752e+00
   3.8321233e+00
   3.8316712e+00
   3.8312189e+00
   3.8307665e+00
   3.8303138e+00
   3.8298609e+00
   3.8294078e+00
   3.8289546e+00
   3.8285013e+00
   3.8280478e+00
   3.8275942e+00
   3.8271404e+00
   3.8266866e+00
   3.8262327e+00
   3.8257787e+00
   3.8253246e+00
   3.8248705e+00
   3.8244164e+00
   3.8239622e+00
   3.8235080e+00
   3.8230538e+00
   3.8225997e+00
   3.8221455e+00
   3.8216915e+00
   3.8212374e+00
   3.8207835e+00
   3.8203296e+00
   3.8198759e+00
   3.8194223e+00
   3.8189688e+00
   3.8185155e+00
   3.8180623e+00
   3.8176094e+00
   3.8171566e+00
   3.8167040e+00
   3.8162517e+00
   3.8157996e+00
   3.8153478e+00
   3.8148963e+00
   3.8144450e+00
   3.8139941e+00
   3.8135434e+00
   3.8130931e+00
   3.8126431e+00
   3.8121935e+00
   3.8117443e+00
   3.8112954e+00
   3.8108469e+00
   3.8103988e+00
   3.8099511e+00
   3.8095038e+00
   3.8090569e+00
   3.8086104e+00
   3.8081643e+00
   3.8077186e+00
   3.8072734e+00
   3.8068285e+00
   3.8063840e+00
   3.8059399e+00
   3.8054962e+00
   3.8050528e+00
   3.8046097e+00
   3.8041669e+00
   3.8037243e+00
   3.8032820e+00
   3.8028399e+00
   3.8023979e+00
   3.8019559e+00
   3.8015140e+00
   3.8010720e+00
   3.8006299e+00
   3.8001875e+00
   3.7997448e+00
   3.7993016e+00
   3.7988579e+00
   3.7984135e+00
   3.7979682e+00
   3.7975219e+00
   3.7970744e+00
   3.7966255e+00
   3.7961750e+00
   3.7957225e+00
   3.7952680e+00
   3.7948110e+00
   3.7943512e+00
   3.7938883e+00
   3.7934220e+00
   3.7929517e+00
   3.7924770e+00
   3.7919975e+00
   3.7915126e+00
   3.7910216e+00
   3.7905240e+00
   3.7900190e+00
   3.7895059e+00
   3.7889838e+00
   3.7884518e+00
   3.7879090e+00
   3.7873542e+00
   3.7867863e+00
   3.7862040e+00
   3.7856059e+00
   3.7849905e+00
   3.7843561e+00
   3.7837011e+00
   3.7830234e+00
   3.7823209e+00
   3.7815914e+00
   3.7808323e+00
   3.7800409e+00
   3.7792143e+00
   3.7783493e+00
   3.7774422e+00
   3.7764895e+00
   3.7754867e+00
   3.7744295e+00
   3.7733128e+00
   3.7721313e+00
   3.7708791e+00
   3.7695496e+00
   3.7681359e+00
   3.7666302e+00
   3.7650240e+00
   3.7633081e+00
   3.7614723e+00
   3.7595053e+00
   3.7573949e+00
   3.7551274e+00
   3.7526879e+00
   3.7500599e+00
   3.7472250e+00
   3.7441631e+00
   3.7408515e+00
   3.7372653e+00
   3.7333766e+00
   3.7291543e+00
   3.7245636e+00
   3.7195653e+00
   3.7141156e+00
   3.7081651e+00
   3.7016578e+00
   3.6945303e+00
   3.6867107e+00
   3.6781167e+00
   3.6686544e+00
   3.6582160e+00
   3.6466772e+00
   3.6338941e+00
   3.6197000e+00
   3.6039002e+00
   3.5862668e+00
   3.5665315e+00
   3.5443774e+00
   3.5194277e+00
   3.4912325e+00
   3.4592511e+00
   3.4228305e+00
   3.3811768e+00
   3.3333184e+00
   3.2780587e+00
   3.2139129e+00
