   5.6440481e+00
   5.6345470e+00
   5.6303996e+00
   5.6271415e+00
   5.6243343e+00
   5.6219381e+00
   5.6196761e+00
   5.6175905e+00
   5.6156354e+00
   5.6137746e+00
   5.6119920e+00
   5.6102651e+00
   5.6086030e+00
   5.6069978e+00
   5.6054650e+00
   5.6039855e+00
   5.6025218e+00
   5.6011001e+00
   5.5997214e+00
   5.5983844e+00
   5.5970665e+00
   5.5957749e+00
   5.5945132e+00
   5.5932802e+00
   5.5920650e+00
   5.5908650e+00
   5.5896863e+00
   5.5885286e+00
   5.5873884e+00
   5.5862481e+00
   5.5851222e+00
   5.5840111e+00
   5.5829155e+00
   5.5818352e+00
   5.5807700e+00
   5.5797199e+00
   5.5786842e+00
   5.5776616e+00
   5.5766530e+00
   5.5756528e+00
   5.5746488e+00
   5.5736548e+00
   5.5726709e+00
   5.5716948e+00
   5.5707276e+00
   5.5697699e+00
   5.5688216e+00
   5.5678826e+00
   5.5669528e+00
   5.5660321e+00
   5.5651154e+00
   5.5641977e+00
   5.5632865e+00
   5.5623819e+00
   5.5614838e+00
   5.5605921e+00
   5.5597069e+00
   5.5588281e+00
   5.5579555e+00
   5.5570868e+00
   5.5562239e+00
   5.5553632e+00
   5.5545035e+00
   5.5536484e+00
   5.5527978e+00
   5.5519517e+00
   5.5511100e+00
   5.5502727e+00
   5.5494398e+00
   5.5486112e+00
   5.5477869e+00
   5.5469670e+00
   5.5461470e+00
   5.5453278e+00
   5.5445121e+00
   5.5436983e+00
   5.5428878e+00
   5.5420806e+00
   5.5412766e+00
   5.5404759e+00
   5.5396783e+00
   5.5388840e+00
   5.5380928e+00
   5.5373047e+00
   5.5365198e+00
   5.5357380e+00
   5.5349593e+00
   5.5341837e+00
   5.5334111e+00
   5.5326415e+00
   5.5318748e+00
   5.5311094e+00
   5.5303419e+00
   5.5295768e+00
   5.5288140e+00
   5.5280535e+00
   5.5272952e+00
   5.5265393e+00
   5.5257856e+00
   5.5250341e+00
   5.5242849e+00
   5.5235379e+00
   5.5227932e+00
   5.5220506e+00
   5.5213102e+00
   5.5205720e+00
   5.5198356e+00
   5.5191008e+00
   5.5183680e+00
   5.5176374e+00
   5.5169088e+00
   5.5161796e+00
   5.5154513e+00
   5.5147247e+00
   5.5139999e+00
   5.5132767e+00
   5.5125552e+00
   5.5118353e+00
   5.5111172e+00
   5.5104007e+00
   5.5096859e+00
   5.5089727e+00
   5.5082611e+00
   5.5075512e+00
   5.5068429e+00
   5.5061363e+00
   5.5054312e+00
   5.5047278e+00
   5.5040260e+00
   5.5033257e+00
   5.5026265e+00
   5.5019275e+00
   5.5012300e+00
   5.5005338e+00
   5.4998390e+00
   5.4991457e+00
   5.4984537e+00
   5.4977625e+00
   5.4970725e+00
   5.4963839e+00
   5.4956965e+00
   5.4950105e+00
   5.4943258e+00
   5.4936424e+00
   5.4929603e+00
   5.4922796e+00
   5.4916001e+00
   5.4909219e+00
   5.4902450e+00
   5.4895694e+00
   5.4888952e+00
   5.4882222e+00
   5.4875503e+00
   5.4868795e+00
   5.4862099e+00
   5.4855414e+00
   5.4848740e+00
   5.4842077e+00
   5.4835426e+00
   5.4828785e+00
   5.4822156e+00
   5.4815538e+00
   5.4808931e+00
   5.4802335e+00
   5.4795751e+00
   5.4789177e+00
   5.4782614e+00
   5.4776062e+00
   5.4769517e+00
   5.4762983e+00
   5.4756459e+00
   5.4749946e+00
   5.4743444e+00
   5.4736953e+00
   5.4730472e+00
   5.4724001e+00
   5.4717542e+00
   5.4711093e+00
   5.4704655e+00
   5.4698227e+00
   5.4691810e+00
   5.4685403e+00
   5.4679007e+00
   5.4672622e+00
   5.4666247e+00
   5.4659883e+00
   5.4653532e+00
   5.4647194e+00
   5.4640866e+00
   5.4634549e+00
   5.4628243e+00
   5.4621947e+00
   5.4615661e+00
   5.4609386e+00
   5.4603122e+00
   5.4596867e+00
   5.4590624e+00
   5.4584390e+00
   5.4578167e+00
   5.4571952e+00
   5.4565748e+00
   5.4559554e+00
   5.4553370e+00
   5.4547196e+00
   5.4541033e+00
   5.4534880e+00
   5.4528738e+00
   5.4522606e+00
   5.4516483e+00
   5.4510372e+00
   5.4504270e+00
   5.4498179e+00
   5.4492098e+00
   5.4486027e+00
   5.4479967e+00
   5.4473917e+00
   5.4467877e+00
   5.4461847e+00
   5.4455828e+00
   5.4449819e+00
   5.4443820e+00
   5.4437831e+00
   5.4431853e+00
   5.4425887e+00
   5.4419930e+00
   5.4413984e+00
   5.4408049e+00
   5.4402123e+00
   5.4396208e+00
   5.4390302e+00
   5.4384405e+00
   5.4378519e+00
   5.4372643e+00
   5.4366777e+00
   5.4360922e+00
   5.4355076e+00
   5.4349241e+00
   5.4343416e+00
   5.4337601e+00
   5.4331796e+00
   5.4326001e+00
   5.4320217e+00
   5.4314442e+00
   5.4308678e+00
   5.4302924e+00
   5.4297180e+00
   5.4291446e+00
   5.4285722e+00
   5.4280009e+00
   5.4274305e+00
   5.4268612e+00
   5.4262929e+00
   5.4257256e+00
   5.4251593e+00
   5.4245940e+00
   5.4240298e+00
   5.4234665e+00
   5.4229043e+00
   5.4223430e+00
   5.4217828e+00
   5.4212237e+00
   5.4206655e+00
   5.4201084e+00
   5.4195523e+00
   5.4189971e+00
   5.4184430e+00
   5.4178899e+00
   5.4173378e+00
   5.4167867e+00
   5.4162365e+00
   5.4156874e+00
   5.4151393e+00
   5.4145922e+00
   5.4140461e+00
   5.4135009e+00
   5.4129567e+00
   5.4124135e+00
   5.4118714e+00
   5.4113302e+00
   5.4107899e+00
   5.4102507e+00
   5.4097125e+00
   5.4091753e+00
   5.4086390e+00
   5.4081038e+00
   5.4075695e+00
   5.4070362e+00
   5.4065039e+00
   5.4059726e+00
   5.4054422e+00
   5.4049129e+00
   5.4043845e+00
   5.4038571e+00
   5.4033307e+00
   5.4028052e+00
   5.4022808e+00
   5.4017573e+00
   5.4012347e+00
   5.4007132e+00
   5.4001926e+00
   5.3996730e+00
   5.3991543e+00
   5.3986366e+00
   5.3981199e+00
   5.3976041e+00
   5.3970893e+00
   5.3965754e+00
   5.3960625e+00
   5.3955506e+00
   5.3950396e+00
   5.3945295e+00
   5.3940204e+00
   5.3935122e+00
   5.3930050e+00
   5.3924988e+00
   5.3919934e+00
   5.3914890e+00
   5.3909856e+00
   5.3904830e+00
   5.3899814e+00
   5.3894807e+00
   5.3889809e+00
   5.3884820e+00
   5.3879841e+00
   5.3874871e+00
   5.3869910e+00
   5.3864958e+00
   5.3860015e+00
   5.3855081e+00
   5.3850157e+00
   5.3845241e+00
   5.3840334e+00
   5.3835437e+00
   5.3830548e+00
   5.3825668e+00
   5.3820797e+00
   5.3815935e+00
   5.3811082e+00
   5.3806237e+00
   5.3801402e+00
   5.3796575e+00
   5.3791757e+00
   5.3786948e+00
   5.3782147e+00
   5.3777355e+00
   5.3772571e+00
   5.3767796e+00
   5.3763029e+00
   5.3758271e+00
   5.3753522e+00
   5.3748781e+00
   5.3744048e+00
   5.3739323e+00
   5.3734607e+00
   5.3729899e+00
   5.3725199e+00
   5.3720508e+00
   5.3715825e+00
   5.3711149e+00
   5.3706482e+00
   5.3701823e+00
   5.3697172e+00
   5.3692529e+00
   5.3687894e+00
   5.3683266e+00
   5.3678647e+00
   5.3674035e+00
   5.3669431e+00
   5.3664835e+00
   5.3660246e+00
   5.3655665e+00
   5.3651092e+00
   5.3646526e+00
   5.3641967e+00
   5.3637417e+00
   5.3632873e+00
   5.3628337e+00
   5.3623808e+00
   5.3619287e+00
   5.3614772e+00
   5.3610265e+00
   5.3605765e+00
   5.3601272e+00
   5.3596786e+00
   5.3592308e+00
   5.3587836e+00
   5.3583371e+00
   5.3578912e+00
   5.3574461e+00
   5.3570016e+00
   5.3565578e+00
   5.3561147e+00
   5.3556722e+00
   5.3552304e+00
   5.3547892e+00
   5.3543487e+00
   5.3539088e+00
   5.3534696e+00
   5.3530310e+00
   5.3525929e+00
   5.3521556e+00
   5.3517188e+00
   5.3512826e+00
   5.3508470e+00
   5.3504121e+00
   5.3499777e+00
   5.3495439e+00
   5.3491107e+00
   5.3486780e+00
   5.3482459e+00
   5.3478144e+00
   5.3473834e+00
   5.3469530e+00
   5.3465231e+00
   5.3460938e+00
   5.3456650e+00
   5.3452367e+00
   5.3448089e+00
   5.3443817e+00
   5.3439549e+00
   5.3435287e+00
   5.3431029e+00
   5.3426777e+00
   5.3422529e+00
   5.3418286e+00
   5.3414048e+00
   5.3409814e+00
   5.3405585e+00
   5.3401360e+00
   5.3397140e+00
   5.3392925e+00
   5.3388713e+00
   5.3384506e+00
   5.3380303e+00
   5.3376105e+00
   5.3371910e+00
   5.3367719e+00
   5.3363532e+00
   5.3359349e+00
   5.3355170e+00
   5.3350995e+00
   5.3346823e+00
   5.3342655e+00
   5.3338491e+00
   5.3334330e+00
   5.3330172e+00
   5.3326018e+00
   5.3321867e+00
   5.3317719e+00
   5.3313575e+00
   5.3309433e+00
   5.3305294e+00
   5.3301159e+00
   5.3297026e+00
   5.3292896e+00
   5.3288769e+00
   5.3284644e+00
   5.3280522e+00
   5.3276403e+00
   5.3272286e+00
   5.3268171e+00
   5.3264059e+00
   5.3259949e+00
   5.3255841e+00
   5.3251735e+00
   5.3247632e+00
   5.3243530e+00
   5.3239430e+00
   5.3235332e+00
   5.3231236e+00
   5.3227142e+00
   5.3223049e+00
   5.3218957e+00
   5.3214868e+00
   5.3210779e+00
   5.3206692e+00
   5.3202606e+00
   5.3198522e+00
   5.3194438e+00
   5.3190356e+00
   5.3186274e+00
   5.3182194e+00
   5.3178114e+00
   5.3174035e+00
   5.3169957e+00
   5.3165880e+00
   5.3161803e+00
   5.3157727e+00
   5.3153651e+00
   5.3149575e+00
   5.3145500e+00
   5.3141425e+00
   5.3137350e+00
   5.3133275e+00
   5.3129201e+00
   5.3125126e+00
   5.3121051e+00
   5.3116976e+00
   5.3112901e+00
   5.3108825e+00
   5.3104749e+00
   5.3100673e+00
   5.3096596e+00
   5.3092518e+00
   5.3088440e+00
   5.3084361e+00
   5.3080281e+00
   5.3076201e+00
   5.3072119e+00
   5.3068037e+00
   5.3063953e+00
   5.3059868e+00
   5.3055783e+00
   5.3051696e+00
   5.3047607e+00
   5.3043518e+00
   5.3039426e+00
   5.3035334e+00
   5.3031240e+00
   5.3027144e+00
   5.3023046e+00
   5.3018947e+00
   5.3014846e+00
   5.3010743e+00
   5.3006638e+00
   5.3002531e+00
   5.2998422e+00
   5.2994311e+00
   5.2990198e+00
   5.2986083e+00
   5.2981965e+00
   5.2977845e+00
   5.2973723e+00
   5.2969598e+00
   5.2965470e+00
   5.2961340e+00
   5.2957208e+00
   5.2953073e+00
   5.2948935e+00
   5.2944794e+00
   5.2940650e+00
   5.2936504e+00
   5.2932355e+00
   5.2928202e+00
   5.2924047e+00
   5.2919889e+00
   5.2915727e+00
   5.2911562e+00
   5.2907394e+00
   5.2903223e+00
   5.2899048e+00
   5.2894871e+00
   5.2890689e+00
   5.2886504e+00
   5.2882316e+00
   5.2878124e+00
   5.2873929e+00
   5.2869730e+00
   5.2865527e+00
   5.2861321e+00
   5.2857111e+00
   5.2852897e+00
   5.2848680e+00
   5.2844458e+00
   5.2840233e+00
   5.2836004e+00
   5.2831771e+00
   5.2827534e+00
   5.2823293e+00
   5.2819048e+00
   5.2814799e+00
   5.2810546e+00
   5.2806288e+00
   5.2802027e+00
   5.2797761e+00
   5.2793492e+00
   5.2789218e+00
   5.2784940e+00
   5.2780657e+00
   5.2776371e+00
   5.2772080e+00
   5.2767785e+00
   5.2763486e+00
   5.2759182e+00
   5.2754874e+00
   5.2750562e+00
   5.2746245e+00
   5.2741924e+00
   5.2737599e+00
   5.2733269e+00
   5.2728935e+00
   5.2724597e+00
   5.2720254e+00
   5.2715907e+00
   5.2711555e+00
   5.2707200e+00
   5.2702840e+00
   5.2698475e+00
   5.2694106e+00
   5.2689733e+00
   5.2685356e+00
   5.2680974e+00
   5.2676588e+00
   5.2672198e+00
   5.2667804e+00
   5.2663405e+00
   5.2659002e+00
   5.2654595e+00
   5.2650184e+00
   5.2645769e+00
   5.2641350e+00
   5.2636926e+00
   5.2632499e+00
   5.2628067e+00
   5.2623632e+00
   5.2619193e+00
   5.2614750e+00
   5.2610303e+00
   5.2605852e+00
   5.2601398e+00
   5.2596939e+00
   5.2592478e+00
   5.2588012e+00
   5.2583543e+00
   5.2579071e+00
   5.2574595e+00
   5.2570116e+00
   5.2565634e+00
   5.2561148e+00
   5.2556659e+00
   5.2552168e+00
   5.2547673e+00
   5.2543175e+00
   5.2538674e+00
   5.2534171e+00
   5.2529665e+00
   5.2525156e+00
   5.2520645e+00
   5.2516132e+00
   5.2511616e+00
   5.2507098e+00
   5.2502578e+00
   5.2498055e+00
   5.2493531e+00
   5.2489005e+00
   5.2484477e+00
   5.2479948e+00
   5.2475417e+00
   5.2470885e+00
   5.2466352e+00
   5.2461817e+00
   5.2457281e+00
   5.2452745e+00
   5.2448208e+00
   5.2443670e+00
   5.2439131e+00
   5.2434593e+00
   5.2430054e+00
   5.2425515e+00
   5.2420976e+00
   5.2416437e+00
   5.2411898e+00
   5.2407360e+00
   5.2402823e+00
   5.2398286e+00
   5.2393751e+00
   5.2389216e+00
   5.2384683e+00
   5.2380151e+00
   5.2375620e+00
   5.2371092e+00
   5.2366565e+00
   5.2362040e+00
   5.2357517e+00
   5.2352997e+00
   5.2348479e+00
   5.2343964e+00
   5.2339451e+00
   5.2334941e+00
   5.2330435e+00
   5.2325931e+00
   5.2321431e+00
   5.2316934e+00
   5.2312441e+00
   5.2307951e+00
   5.2303465e+00
   5.2298983e+00
   5.2294505e+00
   5.2290031e+00
   5.2285561e+00
   5.2281095e+00
   5.2276633e+00
   5.2272175e+00
   5.2267721e+00
   5.2263272e+00
   5.2258826e+00
   5.2254384e+00
   5.2249946e+00
   5.2245512e+00
   5.2241081e+00
   5.2236653e+00
   5.2232228e+00
   5.2227805e+00
   5.2223385e+00
   5.2218967e+00
   5.2214550e+00
   5.2210133e+00
   5.2205717e+00
   5.2201300e+00
   5.2196882e+00
   5.2192461e+00
   5.2188037e+00
   5.2183609e+00
   5.2179175e+00
   5.2174733e+00
   5.2170284e+00
   5.2165824e+00
   5.2161352e+00
   5.2156866e+00
   5.2152364e+00
   5.2147842e+00
   5.2143300e+00
   5.2138733e+00
   5.2134138e+00
   5.2129513e+00
   5.2124852e+00
   5.2120153e+00
   5.2115409e+00
   5.2110617e+00
   5.2105771e+00
   5.2100865e+00
   5.2095892e+00
   5.2090845e+00
   5.2085717e+00
   5.2080499e+00
   5.2075183e+00
   5.2069757e+00
   5.2064213e+00
   5.2058537e+00
   5.2052717e+00
   5.2046739e+00
   5.2040588e+00
   5.2034248e+00
   5.2027701e+00
   5.2020927e+00
   5.2013906e+00
   5.2006613e+00
   5.1999026e+00
   5.1991115e+00
   5.1982853e+00
   5.1974205e+00
   5.1965139e+00
   5.1955614e+00
   5.1945590e+00
   5.1935021e+00
   5.1923858e+00
   5.1912046e+00
   5.1899527e+00
   5.1886236e+00
   5.1872102e+00
   5.1857048e+00
   5.1840990e+00
   5.1823834e+00
   5.1805479e+00
   5.1785812e+00
   5.1764711e+00
   5.1742040e+00
   5.1717648e+00
   5.1691371e+00
   5.1663026e+00
   5.1632410e+00
   5.1599298e+00
   5.1563439e+00
   5.1524556e+00
   5.1482336e+00
   5.1436432e+00
   5.1386453e+00
   5.1331959e+00
   5.1272458e+00
   5.1207388e+00
   5.1136117e+00
   5.1057923e+00
   5.0971987e+00
   5.0877368e+00
   5.0772987e+00
   5.0657602e+00
   5.0529775e+00
   5.0387838e+00
   5.0229843e+00
   5.0053512e+00
   4.9856163e+00
   4.9634625e+00
   4.9385132e+00
   4.9103183e+00
   4.8783373e+00
   4.8419171e+00
   4.8002637e+00
   4.7524056e+00
   4.6971463e+00
   4.6330009e+00
