   3.8935187e+00
   3.8843723e+00
   3.8803795e+00
   3.8772354e+00
   3.8745275e+00
   3.8722154e+00
   3.8700309e+00
   3.8680163e+00
   3.8661235e+00
   3.8643237e+00
   3.8626006e+00
   3.8609267e+00
   3.8593165e+00
   3.8577621e+00
   3.8562761e+00
   3.8548419e+00
   3.8534229e+00
   3.8520445e+00
   3.8507074e+00
   3.8494106e+00
   3.8481315e+00
   3.8468773e+00
   3.8456517e+00
   3.8444538e+00
   3.8432732e+00
   3.8421068e+00
   3.8409607e+00
   3.8398346e+00
   3.8387252e+00
   3.8376148e+00
   3.8365183e+00
   3.8354361e+00
   3.8343686e+00
   3.8333157e+00
   3.8322774e+00
   3.8312533e+00
   3.8302431e+00
   3.8292456e+00
   3.8282617e+00
   3.8272856e+00
   3.8263052e+00
   3.8253343e+00
   3.8243730e+00
   3.8234193e+00
   3.8224742e+00
   3.8215381e+00
   3.8206110e+00
   3.8196927e+00
   3.8187833e+00
   3.8178826e+00
   3.8169855e+00
   3.8160869e+00
   3.8151945e+00
   3.8143082e+00
   3.8134281e+00
   3.8125541e+00
   3.8116860e+00
   3.8108240e+00
   3.8099680e+00
   3.8091158e+00
   3.8082690e+00
   3.8074242e+00
   3.8065801e+00
   3.8057403e+00
   3.8049046e+00
   3.8040731e+00
   3.8032458e+00
   3.8024226e+00
   3.8016034e+00
   3.8007883e+00
   3.7999772e+00
   3.7991701e+00
   3.7983628e+00
   3.7975560e+00
   3.7967523e+00
   3.7959505e+00
   3.7951517e+00
   3.7943560e+00
   3.7935632e+00
   3.7927735e+00
   3.7919867e+00
   3.7912029e+00
   3.7904220e+00
   3.7896440e+00
   3.7888688e+00
   3.7880966e+00
   3.7873272e+00
   3.7865607e+00
   3.7857970e+00
   3.7850361e+00
   3.7842778e+00
   3.7835206e+00
   3.7827613e+00
   3.7820040e+00
   3.7812488e+00
   3.7804957e+00
   3.7797447e+00
   3.7789958e+00
   3.7782489e+00
   3.7775040e+00
   3.7767612e+00
   3.7760204e+00
   3.7752816e+00
   3.7745448e+00
   3.7738099e+00
   3.7730771e+00
   3.7723459e+00
   3.7716161e+00
   3.7708883e+00
   3.7701623e+00
   3.7694382e+00
   3.7687133e+00
   3.7679891e+00
   3.7672664e+00
   3.7665452e+00
   3.7658255e+00
   3.7651073e+00
   3.7643906e+00
   3.7636754e+00
   3.7629616e+00
   3.7622493e+00
   3.7615385e+00
   3.7608291e+00
   3.7601212e+00
   3.7594147e+00
   3.7587097e+00
   3.7580060e+00
   3.7573038e+00
   3.7566030e+00
   3.7559037e+00
   3.7552051e+00
   3.7545066e+00
   3.7538093e+00
   3.7531133e+00
   3.7524184e+00
   3.7517248e+00
   3.7510324e+00
   3.7503406e+00
   3.7496499e+00
   3.7489603e+00
   3.7482719e+00
   3.7475846e+00
   3.7468984e+00
   3.7462134e+00
   3.7455295e+00
   3.7448467e+00
   3.7441651e+00
   3.7434846e+00
   3.7428052e+00
   3.7421269e+00
   3.7414498e+00
   3.7407738e+00
   3.7400986e+00
   3.7394245e+00
   3.7387512e+00
   3.7380790e+00
   3.7374076e+00
   3.7367373e+00
   3.7360678e+00
   3.7353993e+00
   3.7347318e+00
   3.7340652e+00
   3.7333995e+00
   3.7327347e+00
   3.7320709e+00
   3.7314080e+00
   3.7307461e+00
   3.7300850e+00
   3.7294245e+00
   3.7287649e+00
   3.7281062e+00
   3.7274484e+00
   3.7267914e+00
   3.7261354e+00
   3.7254803e+00
   3.7248260e+00
   3.7241727e+00
   3.7235202e+00
   3.7228687e+00
   3.7222180e+00
   3.7215682e+00
   3.7209193e+00
   3.7202712e+00
   3.7196241e+00
   3.7189778e+00
   3.7183325e+00
   3.7176883e+00
   3.7170452e+00
   3.7164030e+00
   3.7157616e+00
   3.7151212e+00
   3.7144816e+00
   3.7138429e+00
   3.7132051e+00
   3.7125681e+00
   3.7119320e+00
   3.7112968e+00
   3.7106625e+00
   3.7100289e+00
   3.7093961e+00
   3.7087642e+00
   3.7081331e+00
   3.7075028e+00
   3.7068734e+00
   3.7062449e+00
   3.7056172e+00
   3.7049904e+00
   3.7043645e+00
   3.7037393e+00
   3.7031151e+00
   3.7024917e+00
   3.7018691e+00
   3.7012475e+00
   3.7006266e+00
   3.7000066e+00
   3.6993875e+00
   3.6987692e+00
   3.6981518e+00
   3.6975352e+00
   3.6969195e+00
   3.6963046e+00
   3.6956906e+00
   3.6950774e+00
   3.6944653e+00
   3.6938540e+00
   3.6932435e+00
   3.6926339e+00
   3.6920251e+00
   3.6914172e+00
   3.6908100e+00
   3.6902037e+00
   3.6895981e+00
   3.6889935e+00
   3.6883896e+00
   3.6877866e+00
   3.6871844e+00
   3.6865831e+00
   3.6859826e+00
   3.6853830e+00
   3.6847842e+00
   3.6841862e+00
   3.6835891e+00
   3.6829928e+00
   3.6823973e+00
   3.6818027e+00
   3.6812089e+00
   3.6806159e+00
   3.6800238e+00
   3.6794326e+00
   3.6788421e+00
   3.6782525e+00
   3.6776637e+00
   3.6770758e+00
   3.6764886e+00
   3.6759024e+00
   3.6753169e+00
   3.6747323e+00
   3.6741485e+00
   3.6735655e+00
   3.6729834e+00
   3.6724022e+00
   3.6718218e+00
   3.6712422e+00
   3.6706634e+00
   3.6700855e+00
   3.6695083e+00
   3.6689320e+00
   3.6683565e+00
   3.6677819e+00
   3.6672080e+00
   3.6666350e+00
   3.6660628e+00
   3.6654914e+00
   3.6649208e+00
   3.6643510e+00
   3.6637820e+00
   3.6632137e+00
   3.6626463e+00
   3.6620797e+00
   3.6615139e+00
   3.6609489e+00
   3.6603847e+00
   3.6598214e+00
   3.6592588e+00
   3.6586970e+00
   3.6581360e+00
   3.6575758e+00
   3.6570164e+00
   3.6564578e+00
   3.6559000e+00
   3.6553430e+00
   3.6547867e+00
   3.6542313e+00
   3.6536766e+00
   3.6531228e+00
   3.6525697e+00
   3.6520174e+00
   3.6514658e+00
   3.6509151e+00
   3.6503651e+00
   3.6498159e+00
   3.6492675e+00
   3.6487198e+00
   3.6481729e+00
   3.6476268e+00
   3.6470814e+00
   3.6465368e+00
   3.6459929e+00
   3.6454498e+00
   3.6449075e+00
   3.6443659e+00
   3.6438251e+00
   3.6432850e+00
   3.6427457e+00
   3.6422071e+00
   3.6416692e+00
   3.6411321e+00
   3.6405957e+00
   3.6400600e+00
   3.6395250e+00
   3.6389908e+00
   3.6384573e+00
   3.6379245e+00
   3.6373924e+00
   3.6368611e+00
   3.6363304e+00
   3.6358005e+00
   3.6352713e+00
   3.6347428e+00
   3.6342149e+00
   3.6336878e+00
   3.6331614e+00
   3.6326356e+00
   3.6321106e+00
   3.6315862e+00
   3.6310625e+00
   3.6305395e+00
   3.6300172e+00
   3.6294955e+00
   3.6289745e+00
   3.6284542e+00
   3.6279345e+00
   3.6274155e+00
   3.6268971e+00
   3.6263794e+00
   3.6258624e+00
   3.6253460e+00
   3.6248302e+00
   3.6243150e+00
   3.6238005e+00
   3.6232866e+00
   3.6227734e+00
   3.6222607e+00
   3.6217487e+00
   3.6212373e+00
   3.6207264e+00
   3.6202162e+00
   3.6197066e+00
   3.6191976e+00
   3.6186891e+00
   3.6181813e+00
   3.6176740e+00
   3.6171673e+00
   3.6166611e+00
   3.6161555e+00
   3.6156505e+00
   3.6151461e+00
   3.6146421e+00
   3.6141388e+00
   3.6136359e+00
   3.6131336e+00
   3.6126319e+00
   3.6121307e+00
   3.6116299e+00
   3.6111297e+00
   3.6106301e+00
   3.6101309e+00
   3.6096322e+00
   3.6091340e+00
   3.6086363e+00
   3.6081391e+00
   3.6076424e+00
   3.6071462e+00
   3.6066504e+00
   3.6061551e+00
   3.6056602e+00
   3.6051658e+00
   3.6046718e+00
   3.6041783e+00
   3.6036852e+00
   3.6031926e+00
   3.6027004e+00
   3.6022086e+00
   3.6017172e+00
   3.6012262e+00
   3.6007356e+00
   3.6002454e+00
   3.5997556e+00
   3.5992661e+00
   3.5987771e+00
   3.5982884e+00
   3.5978001e+00
   3.5973121e+00
   3.5968245e+00
   3.5963373e+00
   3.5958503e+00
   3.5953637e+00
   3.5948775e+00
   3.5943915e+00
   3.5939059e+00
   3.5934205e+00
   3.5929355e+00
   3.5924508e+00
   3.5919663e+00
   3.5914821e+00
   3.5909982e+00
   3.5905146e+00
   3.5900312e+00
   3.5895481e+00
   3.5890652e+00
   3.5885825e+00
   3.5881001e+00
   3.5876179e+00
   3.5871359e+00
   3.5866542e+00
   3.5861726e+00
   3.5856912e+00
   3.5852101e+00
   3.5847291e+00
   3.5842482e+00
   3.5837676e+00
   3.5832871e+00
   3.5828067e+00
   3.5823265e+00
   3.5818464e+00
   3.5813665e+00
   3.5808867e+00
   3.5804070e+00
   3.5799274e+00
   3.5794479e+00
   3.5789685e+00
   3.5784891e+00
   3.5780099e+00
   3.5775307e+00
   3.5770516e+00
   3.5765725e+00
   3.5760935e+00
   3.5756145e+00
   3.5751355e+00
   3.5746566e+00
   3.5741777e+00
   3.5736988e+00
   3.5732198e+00
   3.5727409e+00
   3.5722620e+00
   3.5717830e+00
   3.5713040e+00
   3.5708249e+00
   3.5703458e+00
   3.5698667e+00
   3.5693874e+00
   3.5689081e+00
   3.5684288e+00
   3.5679493e+00
   3.5674697e+00
   3.5669900e+00
   3.5665102e+00
   3.5660303e+00
   3.5655503e+00
   3.5650701e+00
   3.5645897e+00
   3.5641092e+00
   3.5636285e+00
   3.5631477e+00
   3.5626667e+00
   3.5621855e+00
   3.5617041e+00
   3.5612224e+00
   3.5607406e+00
   3.5602585e+00
   3.5597762e+00
   3.5592937e+00
   3.5588109e+00
   3.5583279e+00
   3.5578446e+00
   3.5573610e+00
   3.5568771e+00
   3.5563930e+00
   3.5559085e+00
   3.5554238e+00
   3.5549387e+00
   3.5544533e+00
   3.5539675e+00
   3.5534814e+00
   3.5529950e+00
   3.5525082e+00
   3.5520210e+00
   3.5515335e+00
   3.5510456e+00
   3.5505572e+00
   3.5500685e+00
   3.5495794e+00
   3.5490898e+00
   3.5485999e+00
   3.5481094e+00
   3.5476186e+00
   3.5471273e+00
   3.5466355e+00
   3.5461432e+00
   3.5456505e+00
   3.5451573e+00
   3.5446636e+00
   3.5441694e+00
   3.5436746e+00
   3.5431794e+00
   3.5426836e+00
   3.5421873e+00
   3.5416905e+00
   3.5411930e+00
   3.5406951e+00
   3.5401965e+00
   3.5396974e+00
   3.5391977e+00
   3.5386974e+00
   3.5381965e+00
   3.5376950e+00
   3.5371928e+00
   3.5366901e+00
   3.5361867e+00
   3.5356826e+00
   3.5351779e+00
   3.5346725e+00
   3.5341665e+00
   3.5336598e+00
   3.5331524e+00
   3.5326443e+00
   3.5321356e+00
   3.5316261e+00
   3.5311159e+00
   3.5306049e+00
   3.5300933e+00
   3.5295809e+00
   3.5290677e+00
   3.5285538e+00
   3.5280392e+00
   3.5275238e+00
   3.5270076e+00
   3.5264906e+00
   3.5259728e+00
   3.5254542e+00
   3.5249348e+00
   3.5244146e+00
   3.5238936e+00
   3.5233717e+00
   3.5228491e+00
   3.5223255e+00
   3.5218012e+00
   3.5212759e+00
   3.5207498e+00
   3.5202229e+00
   3.5196950e+00
   3.5191663e+00
   3.5186367e+00
   3.5181062e+00
   3.5175747e+00
   3.5170424e+00
   3.5165092e+00
   3.5159750e+00
   3.5154399e+00
   3.5149039e+00
   3.5143669e+00
   3.5138290e+00
   3.5132901e+00
   3.5127502e+00
   3.5122094e+00
   3.5116677e+00
   3.5111249e+00
   3.5105812e+00
   3.5100364e+00
   3.5094907e+00
   3.5089440e+00
   3.5083962e+00
   3.5078475e+00
   3.5072977e+00
   3.5067470e+00
   3.5061951e+00
   3.5056423e+00
   3.5050884e+00
   3.5045335e+00
   3.5039775e+00
   3.5034205e+00
   3.5028624e+00
   3.5023033e+00
   3.5017431e+00
   3.5011818e+00
   3.5006194e+00
   3.5000560e+00
   3.4994915e+00
   3.4989259e+00
   3.4983592e+00
   3.4977914e+00
   3.4972226e+00
   3.4966526e+00
   3.4960815e+00
   3.4955093e+00
   3.4949360e+00
   3.4943616e+00
   3.4937860e+00
   3.4932094e+00
   3.4926316e+00
   3.4920527e+00
   3.4914727e+00
   3.4908915e+00
   3.4903092e+00
   3.4897258e+00
   3.4891412e+00
   3.4885555e+00
   3.4879686e+00
   3.4873806e+00
   3.4867915e+00
   3.4862012e+00
   3.4856097e+00
   3.4850171e+00
   3.4844234e+00
   3.4838285e+00
   3.4832324e+00
   3.4826352e+00
   3.4820368e+00
   3.4814373e+00
   3.4808366e+00
   3.4802348e+00
   3.4796318e+00
   3.4790277e+00
   3.4784224e+00
   3.4778159e+00
   3.4772083e+00
   3.4765995e+00
   3.4759896e+00
   3.4753785e+00
   3.4747662e+00
   3.4741528e+00
   3.4735383e+00
   3.4729226e+00
   3.4723057e+00
   3.4716877e+00
   3.4710685e+00
   3.4704482e+00
   3.4698267e+00
   3.4692041e+00
   3.4685804e+00
   3.4679555e+00
   3.4673295e+00
   3.4667023e+00
   3.4660740e+00
   3.4654446e+00
   3.4648140e+00
   3.4641823e+00
   3.4635495e+00
   3.4629155e+00
   3.4622805e+00
   3.4616443e+00
   3.4610070e+00
   3.4603685e+00
   3.4597290e+00
   3.4590883e+00
   3.4584465e+00
   3.4578036e+00
   3.4571596e+00
   3.4565145e+00
   3.4558683e+00
   3.4552210e+00
   3.4545725e+00
   3.4539230e+00
   3.4532724e+00
   3.4526206e+00
   3.4519677e+00
   3.4513138e+00
   3.4506587e+00
   3.4500025e+00
   3.4493452e+00
   3.4486867e+00
   3.4480271e+00
   3.4473664e+00
   3.4467046e+00
   3.4460416e+00
   3.4453774e+00
   3.4447121e+00
   3.4440455e+00
   3.4433778e+00
   3.4427089e+00
   3.4420387e+00
   3.4413673e+00
   3.4406946e+00
   3.4400206e+00
   3.4393452e+00
   3.4386685e+00
   3.4379904e+00
   3.4373109e+00
   3.4366299e+00
   3.4359474e+00
   3.4352633e+00
   3.4345776e+00
   3.4338902e+00
   3.4332010e+00
   3.4325100e+00
   3.4318171e+00
   3.4311222e+00
   3.4304252e+00
   3.4297260e+00
   3.4290245e+00
   3.4283206e+00
   3.4276140e+00
   3.4269048e+00
   3.4261926e+00
   3.4254774e+00
   3.4247590e+00
   3.4240371e+00
   3.4233115e+00
   3.4225819e+00
   3.4218482e+00
   3.4211100e+00
   3.4203669e+00
   3.4196188e+00
   3.4188650e+00
   3.4181054e+00
   3.4173394e+00
   3.4165666e+00
   3.4157864e+00
   3.4149983e+00
   3.4142017e+00
   3.4133959e+00
   3.4125802e+00
   3.4117538e+00
   3.4109160e+00
   3.4100657e+00
   3.4092021e+00
   3.4083240e+00
   3.4074303e+00
   3.4065197e+00
   3.4055910e+00
   3.4046425e+00
   3.4036727e+00
   3.4026799e+00
   3.4016621e+00
   3.4006175e+00
   3.3995436e+00
   3.3984382e+00
   3.3972986e+00
   3.3961220e+00
   3.3949053e+00
   3.3936452e+00
   3.3923380e+00
   3.3909797e+00
   3.3895662e+00
   3.3880925e+00
   3.3865538e+00
   3.3849443e+00
   3.3832580e+00
   3.3814884e+00
   3.3796280e+00
   3.3776691e+00
   3.3756028e+00
   3.3734199e+00
   3.3711097e+00
   3.3686609e+00
   3.3660609e+00
   3.3632959e+00
   3.3603507e+00
   3.3572083e+00
   3.3538502e+00
   3.3502558e+00
   3.3464022e+00
   3.3422641e+00
   3.3378132e+00
   3.3330180e+00
   3.3278431e+00
   3.3222492e+00
   3.3161918e+00
   3.3096208e+00
   3.3024799e+00
   3.2947050e+00
   3.2862234e+00
   3.2769524e+00
   3.2667972e+00
   3.2556491e+00
   3.2433831e+00
   3.2298543e+00
   3.2148949e+00
   3.1983092e+00
   3.1798679e+00
   3.1593017e+00
   3.1362919e+00
   3.1104604e+00
   3.0813553e+00
   3.0484342e+00
   3.0110418e+00
   2.9683817e+00
   2.9194800e+00
   2.8631367e+00
   2.7978638e+00
